#   H  AMS02(2011/06-2013/11)
#   <E>  Elo  Eup   y   ystat_lo  ystat_up  ysyst_lo  ysyst_up  yerrtot_lo  yerrtot_up
1.076342e+00 1.000000e+00 1.160000e+00 6.269000e+02 8.000000e-01 8.000000e-01 2.680000e+01 2.680000e+01 2.681194e+01 2.681194e+01
1.241418e+00 1.160000e+00 1.330000e+00 6.625000e+02 4.000000e-01 4.000000e-01 2.260000e+01 2.260000e+01 2.260354e+01 2.260354e+01
1.416480e+00 1.330000e+00 1.510000e+00 6.432000e+02 4.000000e-01 4.000000e-01 1.770000e+01 1.770000e+01 1.770452e+01 1.770452e+01
1.606167e+00 1.510000e+00 1.710000e+00 6.059000e+02 3.000000e-01 3.000000e-01 1.510000e+01 1.510000e+01 1.510298e+01 1.510298e+01
1.811252e+00 1.710000e+00 1.920000e+00 5.544000e+02 2.000000e-01 2.000000e-01 1.260000e+01 1.260000e+01 1.260159e+01 1.260159e+01
2.030990e+00 1.920000e+00 2.150000e+00 4.993000e+02 2.000000e-01 2.000000e-01 1.040000e+01 1.040000e+01 1.040192e+01 1.040192e+01
2.270762e+00 2.150000e+00 2.400000e+00 4.420000e+02 2.000000e-01 2.000000e-01 8.500000e+00 8.500000e+00 8.502353e+00 8.502353e+00
2.530564e+00 2.400000e+00 2.670000e+00 3.878000e+02 1.000000e-01 1.000000e-01 6.900000e+00 6.900000e+00 6.900725e+00 6.900725e+00
2.815077e+00 2.670000e+00 2.970000e+00 3.359000e+02 1.000000e-01 1.000000e-01 5.600000e+00 5.600000e+00 5.600893e+00 5.600893e+00
3.124954e+00 2.970000e+00 3.290000e+00 2.882000e+02 1.000000e-01 1.000000e-01 4.600000e+00 4.600000e+00 4.601087e+00 4.601087e+00
3.459547e+00 3.290000e+00 3.640000e+00 2.453000e+02 1.000000e-01 1.000000e-01 3.700000e+00 3.700000e+00 3.701351e+00 3.701351e+00
3.824185e+00 3.640000e+00 4.020000e+00 2.068000e+02 1.000000e-01 1.000000e-01 3.000000e+00 3.000000e+00 3.001666e+00 3.001666e+00
4.218863e+00 4.020000e+00 4.430000e+00 1.731000e+02 1.000000e-01 1.000000e-01 2.500000e+00 2.500000e+00 2.501999e+00 2.501999e+00
4.648290e+00 4.430000e+00 4.880000e+00 1.438000e+02 0.000000e+00 0.000000e+00 2.000000e+00 2.000000e+00 2.000000e+00 2.000000e+00
5.117774e+00 4.880000e+00 5.370000e+00 1.184000e+02 0.000000e+00 0.000000e+00 1.600000e+00 1.600000e+00 1.600000e+00 1.600000e+00
5.627312e+00 5.370000e+00 5.900000e+00 9.691000e+01 3.000000e-02 3.000000e-02 1.300000e+00 1.300000e+00 1.300346e+00 1.300346e+00
6.176898e+00 5.900000e+00 6.470000e+00 7.903000e+01 2.000000e-02 2.000000e-02 1.040000e+00 1.040000e+00 1.040192e+00 1.040192e+00
6.771256e+00 6.470000e+00 7.090000e+00 6.420000e+01 2.000000e-02 2.000000e-02 8.300000e-01 8.300000e-01 8.302409e-01 8.302409e-01
7.415676e+00 7.090000e+00 7.760000e+00 5.197000e+01 2.000000e-02 2.000000e-02 6.700000e-01 6.700000e-01 6.702984e-01 6.702984e-01
8.110154e+00 7.760000e+00 8.480000e+00 4.200000e+01 1.000000e-02 1.000000e-02 5.400000e-01 5.400000e-01 5.400926e-01 5.400926e-01
8.859422e+00 8.480000e+00 9.260000e+00 3.386000e+01 1.000000e-02 1.000000e-02 4.300000e-01 4.300000e-01 4.301163e-01 4.301163e-01
9.668758e+00 9.260000e+00 1.010000e+01 2.724000e+01 1.000000e-02 1.000000e-02 3.400000e-01 3.400000e-01 3.401470e-01 3.401470e-01
1.053816e+01 1.010000e+01 1.100000e+01 2.190000e+01 1.000000e-02 1.000000e-02 2.800000e-01 2.800000e-01 2.801785e-01 2.801785e-01
1.148659e+01 1.100000e+01 1.200000e+01 1.758000e+01 1.000000e-02 1.000000e-02 2.200000e-01 2.200000e-01 2.202272e-01 2.202272e-01
1.248766e+01 1.200000e+01 1.300000e+01 1.417000e+01 1.000000e-02 1.000000e-02 1.800000e-01 1.800000e-01 1.802776e-01 1.802776e-01
1.353623e+01 1.300000e+01 1.410000e+01 1.148000e+01 0.000000e+00 0.000000e+00 1.500000e-01 1.500000e-01 1.500000e-01 1.500000e-01
1.468489e+01 1.410000e+01 1.530000e+01 9.266000e+00 4.000000e-03 4.000000e-03 1.180000e-01 1.180000e-01 1.180678e-01 1.180678e-01
1.593366e+01 1.530000e+01 1.660000e+01 7.460000e+00 3.000000e-03 3.000000e-03 9.500000e-02 9.500000e-02 9.504736e-02 9.504736e-02
1.728253e+01 1.660000e+01 1.800000e+01 5.995000e+00 3.000000e-03 3.000000e-03 7.700000e-02 7.700000e-02 7.705842e-02 7.705842e-02
1.873149e+01 1.800000e+01 1.950000e+01 4.832000e+00 2.000000e-03 2.000000e-03 6.200000e-02 6.200000e-02 6.203225e-02 6.203225e-02
2.028055e+01 1.950000e+01 2.110000e+01 3.894000e+00 2.000000e-03 2.000000e-03 5.000000e-02 5.000000e-02 5.003998e-02 5.003998e-02
2.192970e+01 2.110000e+01 2.280000e+01 3.151000e+00 2.000000e-03 2.000000e-03 4.100000e-02 4.100000e-02 4.104875e-02 4.104875e-02
2.372656e+01 2.280000e+01 2.470000e+01 2.538000e+00 1.000000e-03 1.000000e-03 3.300000e-02 3.300000e-02 3.301515e-02 3.301515e-02
2.567600e+01 2.470000e+01 2.670000e+01 2.040000e+00 1.000000e-03 1.000000e-03 2.600000e-02 2.600000e-02 2.601922e-02 2.601922e-02
2.772549e+01 2.670000e+01 2.880000e+01 1.650000e+00 1.000000e-03 1.000000e-03 2.100000e-02 2.100000e-02 2.102380e-02 2.102380e-02
2.992276e+01 2.880000e+01 3.110000e+01 1.335000e+00 1.000000e-03 1.000000e-03 1.700000e-02 1.700000e-02 1.702939e-02 1.702939e-02
3.227250e+01 3.110000e+01 3.350000e+01 1.082000e+00 1.000000e-03 1.000000e-03 1.400000e-02 1.400000e-02 1.403567e-02 1.403567e-02
3.477004e+01 3.350000e+01 3.610000e+01 8.791000e-01 6.000000e-04 6.000000e-04 1.150000e-02 1.150000e-02 1.151564e-02 1.151564e-02
3.746776e+01 3.610000e+01 3.890000e+01 7.132000e-01 5.000000e-04 5.000000e-04 9.300000e-03 9.300000e-03 9.313431e-03 9.313431e-03
4.036565e+01 3.890000e+01 4.190000e+01 5.793000e-01 5.000000e-04 5.000000e-04 7.600000e-03 7.600000e-03 7.616430e-03 7.616430e-03
4.346370e+01 4.190000e+01 4.510000e+01 4.716000e-01 4.000000e-04 4.000000e-04 6.200000e-03 6.200000e-03 6.212890e-03 6.212890e-03
4.676191e+01 4.510000e+01 4.850000e+01 3.839000e-01 4.000000e-04 4.000000e-04 5.100000e-03 5.100000e-03 5.115662e-03 5.115662e-03
5.030807e+01 4.850000e+01 5.220000e+01 3.128000e-01 3.000000e-04 3.000000e-04 4.200000e-03 4.200000e-03 4.210701e-03 4.210701e-03
5.410669e+01 5.220000e+01 5.610000e+01 2.549000e-01 3.000000e-04 3.000000e-04 3.400000e-03 3.400000e-03 3.413210e-03 3.413210e-03
5.815326e+01 5.610000e+01 6.030000e+01 2.080000e-01 2.000000e-04 2.000000e-04 2.800000e-03 2.800000e-03 2.807134e-03 2.807134e-03
6.250008e+01 6.030000e+01 6.480000e+01 1.701000e-01 2.000000e-04 2.000000e-04 2.300000e-03 2.300000e-03 2.308679e-03 2.308679e-03
6.719494e+01 6.480000e+01 6.970000e+01 1.393000e-01 2.000000e-04 2.000000e-04 1.900000e-03 1.900000e-03 1.910497e-03 1.910497e-03
7.224233e+01 6.970000e+01 7.490000e+01 1.132000e-01 2.000000e-04 2.000000e-04 1.500000e-03 1.500000e-03 1.513275e-03 1.513275e-03
7.763776e+01 7.490000e+01 8.050000e+01 9.263000e-02 1.300000e-04 1.300000e-04 1.270000e-03 1.270000e-03 1.276636e-03 1.276636e-03
8.343352e+01 8.050000e+01 8.650000e+01 7.530000e-02 1.200000e-04 1.200000e-04 1.040000e-03 1.040000e-03 1.046900e-03 1.046900e-03
8.967741e+01 8.650000e+01 9.300000e+01 6.146000e-02 1.000000e-04 1.000000e-04 8.500000e-04 8.500000e-04 8.558621e-04 8.558621e-04
9.642170e+01 9.300000e+01 1.000000e+02 5.026000e-02 9.000000e-05 9.000000e-05 7.000000e-04 7.000000e-04 7.057620e-04 7.057620e-04
1.039051e+02 1.000000e+02 1.080000e+02 4.085000e-02 7.000000e-05 7.000000e-05 5.800000e-04 5.800000e-04 5.842089e-04 5.842089e-04
1.119119e+02 1.080000e+02 1.160000e+02 3.294000e-02 7.000000e-05 7.000000e-05 4.700000e-04 4.700000e-04 4.751842e-04 4.751842e-04
1.203963e+02 1.160000e+02 1.250000e+02 2.698000e-02 6.000000e-05 6.000000e-05 3.900000e-04 3.900000e-04 3.945884e-04 3.945884e-04
1.298814e+02 1.250000e+02 1.350000e+02 2.174000e-02 5.000000e-05 5.000000e-05 3.200000e-04 3.200000e-04 3.238827e-04 3.238827e-04
1.408425e+02 1.350000e+02 1.470000e+02 1.727000e-02 4.000000e-05 4.000000e-05 2.600000e-04 2.600000e-04 2.630589e-04 2.630589e-04
1.533302e+02 1.470000e+02 1.600000e+02 1.358000e-02 3.000000e-05 3.000000e-05 2.100000e-04 2.100000e-04 2.121320e-04 2.121320e-04
1.672928e+02 1.600000e+02 1.750000e+02 1.065000e-02 3.000000e-05 3.000000e-05 1.700000e-04 1.700000e-04 1.726268e-04 1.726268e-04
1.832571e+02 1.750000e+02 1.920000e+02 8.212000e-03 2.300000e-05 2.300000e-05 1.330000e-04 1.330000e-04 1.349741e-04 1.349741e-04
2.012237e+02 1.920000e+02 2.110000e+02 6.299000e-03 1.900000e-05 1.900000e-05 1.040000e-04 1.040000e-04 1.057213e-04 1.057213e-04
2.216637e+02 2.110000e+02 2.330000e+02 4.793000e-03 1.500000e-05 1.500000e-05 8.300000e-05 8.300000e-05 8.434453e-05 8.434453e-05
2.455761e+02 2.330000e+02 2.590000e+02 3.605000e-03 1.200000e-05 1.200000e-05 6.500000e-05 6.500000e-05 6.609841e-05 6.609841e-05
2.744256e+02 2.590000e+02 2.910000e+02 2.647000e-03 9.000000e-06 9.000000e-06 4.900000e-05 4.900000e-05 4.981967e-05 4.981967e-05
3.097442e+02 2.910000e+02 3.300000e+02 1.884000e-03 7.000000e-06 7.000000e-06 3.700000e-05 3.700000e-05 3.765634e-05 3.765634e-05
3.534548e+02 3.300000e+02 3.790000e+02 1.288000e-03 5.000000e-06 5.000000e-06 2.700000e-05 2.700000e-05 2.745906e-05 2.745906e-05
4.085529e+02 3.790000e+02 4.410000e+02 8.695000e-04 3.800000e-06 3.800000e-06 1.950000e-05 1.950000e-05 1.986681e-05 1.986681e-05
4.807444e+02 4.410000e+02 5.250000e+02 5.545000e-04 2.600000e-06 2.600000e-06 1.350000e-05 1.350000e-05 1.374809e-05 1.374809e-05
5.803168e+02 5.250000e+02 6.430000e+02 3.357000e-04 1.700000e-06 1.700000e-06 9.200000e-06 9.200000e-06 9.355747e-06 9.355747e-06
7.257363e+02 6.430000e+02 8.220000e+02 1.860000e-04 1.000000e-06 1.000000e-06 6.000000e-06 6.000000e-06 6.082763e-06 6.082763e-06
9.609405e+02 8.220000e+02 1.130000e+03 8.571000e-05 5.300000e-07 5.300000e-07 3.550000e-06 3.550000e-06 3.589345e-06 3.589345e-06
1.417258e+03 1.130000e+03 1.800000e+03 2.933000e-05 2.100000e-07 2.100000e-07 1.730000e-06 1.730000e-06 1.742699e-06 1.742699e-06
