 1.0000e+00   1.1053e-07 
  1.4000e+00   1.5461e-07 
  1.9600e+00   2.1619e-07 
  2.7440e+00   3.0216e-07 
  3.8416e+00   4.2204e-07 
  5.3782e+00   5.8893e-07 
  7.5295e+00   8.2075e-07 
  1.0541e+01   1.1417e-06 
  1.4758e+01   1.5843e-06 
  2.0661e+01   2.1906e-06 
  2.8925e+01   3.0143e-06 
  4.0496e+01   4.1199e-06 
  5.6694e+01   5.5791e-06 
  7.9371e+01   7.4604e-06 
  1.1112e+02   9.8073e-06 
  1.5557e+02   1.2602e-05 
  2.1780e+02   1.5716e-05 
  3.0491e+02   1.8861e-05 
  4.2688e+02   2.1477e-05 
  5.9763e+02   2.2722e-05 
  8.3668e+02   2.2366e-05 
  1.1714e+03   2.0184e-05 
  1.6399e+03   1.6474e-05 
  2.2959e+03   1.2268e-05 
  3.2142e+03   8.3586e-06 
  4.4999e+03   5.3145e-06 
  6.2998e+03   3.1855e-06 
  8.8198e+03   1.7564e-06 
  1.2348e+04   8.7839e-07 
  1.7287e+04   4.1006e-07 
  2.4201e+04   1.8299e-07 
  3.3882e+04   7.9221e-08 
  4.7435e+04   3.3578e-08 
  6.6409e+04   1.4018e-08 
  9.2972e+04   5.7887e-09 
  1.3016e+05   2.3714e-09 
  1.8223e+05   9.6603e-10 
  2.5512e+05   3.9202e-10 
  3.5716e+05   1.5862e-10 
  5.0003e+05   6.4043e-11 
  7.0004e+05   2.5821e-11 
  9.8005e+05   1.0401e-11 
  1.3721e+06   4.1867e-12 
  1.9209e+06   1.6845e-12 
  2.6893e+06   6.7755e-13 
  3.7650e+06   2.7246e-13 
  5.2710e+06   1.0955e-13 
  7.3793e+06   4.4042e-14 
  1.0331e+07   1.7705e-14 
  1.4464e+07   7.1180e-15 
  2.0249e+07   2.8621e-15 
  2.8348e+07   1.1507e-15 
  3.9688e+07   4.6251e-16 
  5.5563e+07   1.8589e-16 
  7.7788e+07   7.4714e-17 
  1.0890e+08  -1.0000e+00 

