1.0000e+00   1.2977e-08 
  1.4000e+00   1.8146e-08 
  1.9600e+00   2.5361e-08 
  2.7440e+00   3.5421e-08 
  3.8416e+00   4.9425e-08 
  5.3782e+00   6.8876e-08 
  7.5295e+00   9.5807e-08 
  1.0541e+01   1.3293e-07 
  1.4758e+01   1.8381e-07 
  2.0661e+01   2.5297e-07 
  2.8925e+01   3.4593e-07 
  4.0496e+01   4.6902e-07 
  5.6694e+01   6.2881e-07 
  7.9371e+01   8.2802e-07 
  1.1112e+02   1.0291e-06 
  1.5557e+02   1.2358e-06 
  2.1780e+02   1.4261e-06 
  3.0491e+02   1.5014e-06 
  4.2688e+02   1.4483e-06 
  5.9763e+02   1.2440e-06 
  8.3668e+02   9.5942e-07 
  1.1714e+03   6.2350e-07 
  1.6399e+03   3.5590e-07 
  2.2959e+03   1.8361e-07 
  3.2142e+03   8.8675e-08 
  4.4999e+03   4.0876e-08 
  6.2998e+03   1.7753e-08 
  8.8198e+03   7.3488e-09 
  1.2348e+04   2.9378e-09 
  1.7287e+04   1.1461e-09 
  2.4201e+04   4.3923e-10 
  3.3882e+04   1.6608e-10 
  4.7435e+04   6.2197e-11 
  6.6409e+04   2.3136e-11 
  9.2972e+04   8.5617e-12 
  1.3016e+05   3.1533e-12 
  1.8223e+05   1.1576e-12 
  2.5512e+05   4.2400e-13 
  3.5716e+05   1.5507e-13 
  5.0003e+05   5.6652e-14 
  7.0004e+05   2.0699e-14 
  9.8005e+05   7.5596e-15 
  1.3721e+06   2.7621e-15 
  1.9209e+06   1.0091e-15 
  2.6893e+06   3.6875e-16 
  3.7650e+06   1.3480e-16 
  5.2710e+06   4.9287e-17 
  7.3793e+06   1.8024e-17 
  1.0331e+07   6.5926e-18 
  1.4464e+07   2.4119e-18 
  2.0249e+07   8.8269e-19 
  2.8348e+07   3.2321e-19 
  3.9688e+07   1.1844e-19 
  5.5563e+07   4.3436e-20 
  7.7788e+07   1.5944e-20 
  1.0890e+08  -1.0000e+00 

