1.0000e+00   1.4530e-08 
  1.4000e+00   2.0357e-08 
  1.9600e+00   2.8529e-08 
  2.7440e+00   3.9998e-08 
  3.8416e+00   5.6110e-08 
  5.3782e+00   7.8774e-08 
  7.5295e+00   1.1071e-07 
  1.0541e+01   1.5584e-07 
  1.4758e+01   2.1981e-07 
  2.0661e+01   3.1090e-07 
  2.8925e+01   4.4140e-07 
  4.0496e+01   6.2977e-07 
  5.6694e+01   8.9617e-07 
  7.9371e+01   1.1618e-06 
  1.1112e+02   1.4730e-06 
  1.5557e+02   1.8201e-06 
  2.1780e+02   2.0680e-06 
  3.0491e+02   2.1738e-06 
  4.2688e+02   2.0446e-06 
  5.9763e+02   1.7374e-06 
  8.3668e+02   1.2625e-06 
  1.1714e+03   7.9528e-07 
  1.6399e+03   4.3740e-07 
  2.2959e+03   2.1584e-07 
  3.2142e+03   1.0015e-07 
  4.4999e+03   4.4846e-08 
  6.2998e+03   1.9032e-08 
  8.8198e+03   7.7375e-09 
  1.2348e+04   3.0508e-09 
  1.7287e+04   1.1780e-09 
  2.4201e+04   4.4806e-10 
  3.3882e+04   1.6848e-10 
  4.7435e+04   6.2843e-11 
  6.6409e+04   2.3308e-11 
  9.2972e+04   8.6074e-12 
  1.3016e+05   3.1653e-12 
  1.8223e+05   1.1607e-12 
  2.5512e+05   4.2483e-13 
  3.5716e+05   1.5529e-13 
  5.0003e+05   5.6708e-14 
  7.0004e+05   2.0714e-14 
  9.8005e+05   7.5635e-15 
  1.3721e+06   2.7631e-15 
  1.9209e+06   1.0094e-15 
  2.6893e+06   3.6882e-16 
  3.7650e+06   1.3481e-16 
  5.2710e+06   4.9291e-17 
  7.3793e+06   1.8025e-17 
  1.0331e+07   6.5929e-18 
  1.4464e+07   2.4120e-18 
  2.0249e+07   8.8271e-19 
  2.8348e+07   3.2322e-19 
  3.9688e+07   1.1844e-19 
  5.5563e+07   4.3436e-20 
  7.7788e+07   1.5945e-20 
  1.0890e+08  -1.0000e+00 

