 1.0000e+00   2.0912e-07 
  1.4000e+00   2.5898e-07 
  1.9600e+00   2.8116e-07 
  2.7440e+00   2.9849e-07 
  3.8416e+00   3.1706e-07 
  5.3782e+00   3.3925e-07 
  7.5295e+00   3.6678e-07 
  1.0541e+01   4.0172e-07 
  1.4758e+01   4.4727e-07 
  2.0661e+01   5.0892e-07 
  2.8925e+01   5.9670e-07 
  4.0496e+01   7.2712e-07 
  5.6694e+01   9.2715e-07 
  7.9371e+01   1.2510e-06 
  1.1112e+02   1.8329e-06 
  1.5557e+02   2.4124e-06 
  2.1780e+02   3.2564e-06 
  3.0491e+02   5.2102e-06 
  4.2688e+02   5.3067e-06 
  5.9763e+02   4.5093e-06 
  8.3668e+02   3.2830e-06 
  1.1714e+03   2.0821e-06 
  1.6399e+03   1.1327e-06 
  2.2959e+03   5.3956e-07 
  3.2142e+03   2.3524e-07 
  4.4999e+03   9.6582e-08 
  6.2998e+03   3.7249e-08 
  8.8198e+03   1.3759e-08 
  1.2348e+04   4.9697e-09 
  1.7287e+04   1.7844e-09 
  2.4201e+04   6.4207e-10 
  3.3882e+04   2.3192e-10 
  4.7435e+04   8.4044e-11 
  6.6409e+04   3.0530e-11 
  9.2972e+04   1.1105e-11 
  1.3016e+05   4.0385e-12 
  1.8223e+05   1.4684e-12 
  2.5512e+05   5.3404e-13 
  3.5716e+05   1.9426e-13 
  5.0003e+05   7.0670e-14 
  7.0004e+05   2.5741e-14 
  9.8005e+05   9.3773e-15 
  1.3721e+06   3.4198e-15 
  1.9209e+06   1.2475e-15 
  2.6893e+06   4.5513e-16 
  3.7650e+06   1.6608e-16 
  5.2710e+06   6.0614e-17 
  7.3793e+06   2.2127e-17 
  1.0331e+07   8.0792e-18 
  1.4464e+07   2.9508e-18 
  2.0249e+07   1.0781e-18 
  2.8348e+07   3.9405e-19 
  3.9688e+07   1.4409e-19 
  5.5563e+07   5.2715e-20 
  7.7788e+07   1.9297e-20 
