   1.0000e+00   2.6878e-07 
  1.4000e+00   3.1844e-07 
  1.9600e+00   3.3906e-07 
  2.7440e+00   3.5572e-07 
  3.8416e+00   3.7399e-07 
  5.3782e+00   3.9578e-07 
  7.5295e+00   4.2250e-07 
  1.0541e+01   4.5596e-07 
  1.4758e+01   4.9924e-07 
  2.0661e+01   5.5794e-07 
  2.8925e+01   6.4272e-07 
  4.0496e+01   7.7138e-07 
  5.6694e+01   9.7359e-07 
  7.9371e+01   1.3121e-06 
  1.1112e+02   1.9550e-06 
  1.5557e+02   2.5299e-06 
  2.1780e+02   3.3644e-06 
  3.0491e+02   5.4775e-06 
  4.2688e+02   5.3019e-06 
  5.9763e+02   4.1852e-06 
  8.3668e+02   2.7726e-06 
  1.1714e+03   1.5795e-06 
  1.6399e+03   7.6885e-07 
  2.2959e+03   3.3249e-07 
  3.2142e+03   1.3782e-07 
  4.4999e+03   5.7018e-08 
  6.2998e+03   2.2754e-08 
  8.8198e+03   8.8234e-09 
  1.2348e+04   3.3573e-09 
  1.7287e+04   1.2627e-09 
  2.4201e+04   4.7109e-10 
  3.3882e+04   1.7467e-10 
  4.7435e+04   6.4493e-11 
  6.6409e+04   2.3746e-11 
  9.2972e+04   8.7229e-12 
  1.3016e+05   3.1957e-12 
  1.8223e+05   1.1687e-12 
  2.5512e+05   4.2691e-13 
  3.5716e+05   1.5583e-13 
  5.0003e+05   5.6850e-14 
  7.0004e+05   2.0751e-14 
  9.8005e+05   7.5731e-15 
  1.3721e+06   2.7656e-15 
  1.9209e+06   1.0101e-15 
  2.6893e+06   3.6899e-16 
  3.7650e+06   1.3486e-16 
  5.2710e+06   4.9303e-17 
  7.3793e+06   1.8028e-17 
  1.0331e+07   6.5937e-18 
  1.4464e+07   2.4122e-18 
  2.0249e+07   8.8276e-19 
  2.8348e+07   3.2323e-19 
  3.9688e+07   1.1844e-19 
  5.5563e+07   4.3437e-20 
  7.7788e+07   1.5945e-20 
  1.0890e+08   5.8584e-21
