1.0000e+00   1.5165e-08 
  1.4000e+00   2.1218e-08 
  1.9600e+00   2.9681e-08 
  2.7440e+00   4.1504e-08 
  3.8416e+00   5.8012e-08 
  5.3782e+00   8.1033e-08 
  7.5295e+00   1.1321e-07 
  1.0541e+01   1.5805e-07 
  1.4758e+01   2.2043e-07 
  2.0661e+01   3.0702e-07 
  2.8925e+01   4.2687e-07 
  4.0496e+01   5.9219e-07 
  5.6694e+01   8.1929e-07 
  7.9371e+01   1.1656e-06 
  1.1112e+02   1.7315e-06 
  1.5557e+02   2.5966e-06 
  2.1780e+02   2.9725e-06 
  3.0491e+02   3.1798e-06 
  4.2688e+02   2.9809e-06 
  5.9763e+02   2.3983e-06 
  8.3668e+02   1.6911e-06 
  1.1714e+03   1.0313e-06 
  1.6399e+03   5.4324e-07 
  2.2959e+03   2.5528e-07 
  3.2142e+03   1.1348e-07 
  4.4999e+03   4.9294e-08 
  6.2998e+03   2.0426e-08 
  8.8198e+03   8.1514e-09 
  1.2348e+04   3.1692e-09 
  1.7287e+04   1.2111e-09 
  2.4201e+04   4.5711e-10 
  3.3882e+04   1.7092e-10 
  4.7435e+04   6.3497e-11 
  6.6409e+04   2.3482e-11 
  9.2972e+04   8.6534e-12 
  1.3016e+05   3.1774e-12 
  1.8223e+05   1.1639e-12 
  2.5512e+05   4.2566e-13 
  3.5716e+05   1.5550e-13 
  5.0003e+05   5.6765e-14 
  7.0004e+05   2.0729e-14 
  9.8005e+05   7.5673e-15 
  1.3721e+06   2.7641e-15 
  1.9209e+06   1.0097e-15 
  2.6893e+06   3.6888e-16 
  3.7650e+06   1.3483e-16 
  5.2710e+06   4.9296e-17 
  7.3793e+06   1.8026e-17 
  1.0331e+07   6.5932e-18 
  1.4464e+07   2.4121e-18 
  2.0249e+07   8.8273e-19 
  2.8348e+07   3.2323e-19 
  3.9688e+07   1.1844e-19 
  5.5563e+07   4.3436e-20 
  7.7788e+07   1.5945e-20 
  1.0890e+08  -1.0000e+00 

