0.627594209312284
0.656561662236977
0.68782880216422
0.721729704966771
0.758673924795213
0.799170162915533
0.84385972304371
0.89356493692044
0.949361199166935
1.01268757456755
1.08552308761554
1.17068050153921
1.25451934164236
1.31242336534577
1.37492431136238
1.44268997528006
1.51653902877508
1.59748833205397
1.68681980885603
1.78617724597636
1.89771028618124
2.02429552485518
2.16988890115046
2.34011294284223
2.54328991034706
2.79238640302417
3.03088601141945
3.122752646397
3.22184370514176
3.32919584299269
3.44606837747402
3.57400896016449
3.71494461519645
3.87131060928311
4.04623726864414
4.24382830802431
4.46958888371076
4.73110898280304
5.03920427341362
5.40992699370288
5.86835865485774
6.45641312918899
7.25087133533999
8.41255491496119
8.62868113241572
8.86181068562681
9.1143121971447
9.38904404916254
9.68949282930512
10.019962833188
10.385840482724
10.7939713845345
11.25321152055
11.7752563652175
12.3759303543977
13.0772728979558
13.9110764992017
14.9252459735632
16.1960916745647
18.0000000000000
