1879308156
1879308158
1879308159
1879308160
1879308161
1879308162
1879308163
1879308164
1879308165
1879308166
1879308167
1879308168
1879308169
1879308170
1879308171
1879308172
1879308173
1879308174
1879308175
1879308176
1879308177
1879308178
1879308179
1879308181
1879308182
1879308183
1879308184
1879308185
1879308186
1879308187
1879308188
1879308189
1879308190
1879308191
1879308192
1879308193
1879308194
1879308195
1879308196
1879308197
1879308198
1879308199
1879308200
1879308201
1879308202
1879308203
1879308204
1879308205
1879308206
1879308207
1879308208
1879308209
1879308210
1879308211
1879308212
1879308213
1879308214
1879308215
1879308216
1879308217
1879308218
1879308219
1879308220
1879308221
1879308222
1879308223
1879308224
1879308225
1879308226
1879308227
1879308228
1879308229
1879308230
1879308231
1879308232
1879308233
1879308234
1879308235
1879308236
1879308237
1879308238
1879308239
1879308240
1879308241
1879308242
1879308243
1879308244
1879308245
1879308246
1879308247
1879308248
1879308249
1879308250
1879308251
1879308252
1879308253
1879308254
1879308255
1879308256
1879308257
1879308258
1879308259
1879308260
1879308261
1879308262
1879308263
1879308264
1879308265
1879308266
1879308267
1879308268
1879308269
1879308270
1879308271
1879308272
1879308273
1879308274
1879308275
1879308276
1879308277
1879308278
1879308279
1879308280
1879308281
1879308282
1879308283
1879308284
1879308285
1879308286
1879308287
1879308288
1879308289
1879308290
1879308291
1879308292
1879308293
1879308294
1879308295
1879308296
1879308297
1879308298
1879308299
1879308300
1879308301
1879308302
1879308303
1879308304
1879308305
1879308307
1879308308
1879308309
1879308310
1879308311
1879308312
1879308313
1879308314
1879308315
1879308316
1879308317
1879308318
1879308319
1879308320
1879308321
1879308322
1879308323
1879308324
1879308325
1879308326
1879308327
1879308328
1879308329
1879308330
1879308331
1879308332
1879308333
1879308334
1879308335
1879308336
1879308337
1879308338
1879308339
1879308340
1879308341
1879308342
1879308343
1879308344
1879308345
1879308346
1879308347
1879308348
1879308349
1879308350
1879308351
1879308353
1879308354
1879308355
1879308356
1879308357
1879308358
1879308359
1879308360
1879308361
1879308362
1879308363
1879308364
1879308365
1879308366
1879308367
1879308368
1879308369
1879308370
1879308371
1879308372
1879308373
1879308374
1879308375
1879308376
1879308377
1879308378
1879308379
1879308380
1879308381
1879308382
1879308383
1879308384
1879308385
1879308386
1879308387
1879308388
1879308389
1879308390
1879308391
1879308392
1879308393
1879308394
1879308395
1879308396
1879308397
1879308398
1879308399
1879308400
1879308401
1879308402
1879308403
1879308404
1879308405
1879308406
1879308407
1879308408
1879308409
1879308410
1879308411
1879308412
1879308413
1879308414
1879308415
1879308416
1879308418
1879308419
1879308420
1879308421
1879308422
1879308423
1879308424
1879308425
1879308426
1879308427
1879308428
1879308429
1879308430
1879308431
1879308432
1879308433
1879308434
1879308435
1879308436
1879308437
1879308438
1879308439
1879308440
1879308441
1879308442
1879308443
1879308444
1879308445
1879308446
1879308447
1879308448
1879308449
1879308450
1879308451
1879308452
1879308453
1879308454
1879308455
1879308456
1879308457
1879308458
1879308459
1879308460
1879308461
1879308462
1879308463
1879308464
1879308465
1879308466
1879308467
1879308468
1879308469
1879308470
1879308471
1879308472
1879308473
1879308474
1879308475
1879308476
1879308477
1879308478
1879308479
1879308480
1879308481
1879308482
1879308483
1879308484
1879308485
1879308486
1879308487
1879308488
1879308489
1879308490
1879308491
1879308492
1879308493
1879308494
1879308495
1879308496
1879308497
1879308498
1879308499
1879308500
1879308501
1879308502
1879308503
1879308504
1879308505
1879308506
1879308507
1879308509
1879308510
1879308511
1879308512
1879308513
1879308514
1879308515
1879308516
1879308517
1879308518
1879308519
1879308520
1879308521
1879308522
1879308523
1879308524
1879308525
1879308526
1879308527
1879308528
1879308529
1879308530
1879308531
1879308532
1879308533
1879308534
1879308535
1879308536
1879308537
1879308538
1879308539
1879308540
1879308541
1879308542
1879308543
1879308544
1879308545
1879308546
1879308549
1879308550
1879308551
1879308552
1879308553
1879308554
1879308555
1879308556
1879308557
1879308558
1879308559
1879308560
1879308561
1879308562
1879308563
1879308564
1879308565
1879308566
1879308567
1879308568
1879308569
1879308570
1879308571
1879308572
1879308573
1879308575
1879308576
1879308577
1879308578
1879308579
1879308580
1879308581
1879308582
1879308583
1879308584
1879308585
1879308586
1879308587
1879308588
1879308589
1879308590
1879308591
1879308592
1879308593
1879308594
1879308595
1879308596
1879308597
1879308598
1879308599
1879308600
1879308601
1879308602
1879308603
1879308604
1879308605
1879308606
1879308607
1879308608
1879308609
1879308610
1879308611
1879308612
1879308613
1879308614
1879308615
1879308617
1879308618
1879308619
1879308620
1879308621
1879308622
1879308623
1879308624
1879308625
1879308626
1879308627
1879308628
1879308630
1879308631
1879308632
1879308633
1879308634
1879308636
1879308637
1879308638
1879308639
1879308640
1879308641
1879308642
1879308644
1879308645
1879308646
1879308647
1879308648
1879308649
1879308650
1879308651
1879308652
1879308653
1879308654
1879308655
1879308656
1879308657
1879308658
1879308659
1879308660
1879308661
1879308662
1879308663
1879308664
1879308665
1879308666
1879308667
1879308668
1879308669
1879308670
1879308671
1879308672
1879308673
1879308674
1879308675
1879308676
1879308677
1879308678
1879308679
1879308680
1879308681
1879308682
1879308683
1879308684
1879308685
1879308686
1879308687
1879308688
1879308689
1879308691
1879308692
1879308693
1879308694
1879308695
1879308696
1879308698
1879308699
1879308700
1879308701
1879308702
1879308703
1879308704
1879308705
1879308706
1879308707
1879308708
1879308709
1879308710
1879308711
1879308712
1879308713
1879308714
1879308715
1879308716
1879308717
1879308718
1879308719
1879308720
1879308721
1879308722
1879308723
1879308724
1879308725
1879308726
1879308727
1879308728
1879308729
1879308730
1879308731
1879308732
1879308733
1879308734
1879308735
1879308736
1879308737
1879308738
1879308739
1879308740
1879308741
1879308742
1879308743
1879308745
1879308746
1879308747
1879308748
1879308749
1879308750
1879308751
1879308752
1879308753
1879308754
1879308755
1879308756
1879308757
1879308758
1879308759
1879308760
1879308761
1879308762
1879308763
1879308764
1879308765
1879308766
1879308767
1879308768
1879308769
1879308770
1879308771
1879308772
1879308773
1879308774
1879308775
1879308776
1879308777
1879308778
1879308779
1879308780
1879308781
1879308782
1879308783
1879308784
1879308785
1879308786
1879308787
1879308788
1879308789
1879308790
1879308791
1879308792
1879308793
1879308794
1879308795
1879308796
1879308797
1879308798
1879308799
1879308800
1879308801
1879308802
1879308803
1879308804
1879308805
1879308806
1879308807
1879308808
1879308809
1879308810
1879308811
1879308812
1879308813
1879308814
1879308815
1879308816
1879308817
1879308818
1879308819
1879308820
1879308821
1879308822
1879308823
1879308824
1879308825
1879308826
1879308827
1879308829
1879308830
1879308831
1879308832
1879308833
1879308834
1879308835
1879308836
1879308837
1879308838
1879308839
1879308840
1879308841
1879308842
1879308843
1879308844
1879308845
1879308846
1879308847
1879308848
1879308849
1879308850
1879308851
1879308852
1879308853
1879308854
1879308855
1879308856
1879308857
1879308858
1879308859
1879308860
1879308861
1879308862
1879308863
1879308864
1879308865
1879308866
1879308867
1879308868
1879308869
1879308870
1879308871
1879308872
1879308873
1879308874
1879308875
1879308876
1879308877
1879308878
1879308879
1879308881
1879308882
1879308883
1879308884
1879308885
1879308886
1879308887
1879308888
1879308889
1879308890
1879308891
1879308892
1879308893
1879308894
1879308895
1879308896
1879308897
1879308898
1879308899
1879308900
1879308901
1879308902
1879308903
1879308904
1879308905
1879308906
1879308909
1879308910
1879308911
1879308912
1879308913
1879308914
1879308915
1879308916
1879308917
1879308918
1879308920
1879308921
1879308923
1879308924
1879308925
1879308926
1879308927
1879308928
1879308929
1879308930
1879308931
1879308932
1879308933
1879308934
1879308935
1879308936
1879308937
1879308938
1879308939
1879308940
1879308941
1879308943
1879308944
1879308945
1879308946
1879308947
1879308948
1879308949
1879308950
1879308951
1879308952
1879308953
1879308954
1879308955
1879308956
1879308957
1879308958
1879308959
1879308960
1879308961
1879308962
1879308963
1879308965
1879308966
1879308967
1879308968
1879308970
1879308971
1879308972
1879308973
1879308974
1879308975
1879308976
1879308977
1879308978
1879308979
1879308980
1879308982
1879308983
1879308984
1879308985
1879308986
1879308987
1879308988
1879308989
1879308990
1879308991
1879308992
1879308993
1879308994
1879308996
1879308997
1879308998
1879308999
1879309000
1879309001
1879309002
1879309003
1879309004
1879309005
1879309006
1879309007
1879309008
1879309009
1879309010
1879309011
1879309012
1879309013
1879309014
1879309015
1879309016
1879309017
1879309018
1879309019
1879309020
1879309021
1879309022
1879309024
1879309025
1879309026
1879309027
1879309028
1879309029
1879309030
1879309031
1879309032
1879309033
1879309034
1879309036
1879309037
1879309038
1879309039
1879309040
1879309041
1879309042
1879309043
1879309044
1879309045
1879309047
1879309048
1879309049
1879309050
1879309051
1879309052
1879309053
1879309054
1879309055
1879309056
1879309057
1879309058
1879309059
1879309060
1879309061
1879309062
1879309063
1879309064
1879309065
1879309066
1879309067
1879309068
1879309069
1879309070
1879309071
1879309072
1879309073
1879309074
1879309075
1879309076
1879309077
1879309078
1879309079
1879309080
1879309081
1879309082
1879309083
1879309084
1879309085
1879309086
1879309087
1879309088
1879309089
1879309090
1879309091
1879309092
1879309093
1879309094
1879309095
1879309096
1879309097
1879309098
1879309099
1879309100
1879309101
1879309102
1879309103
1879309104
1879309105
1879309106
1879309107
1879309109
1879309110
1879309111
1879309113
1879309114
1879309116
1879309117
1879309118
1879309119
1879309121
1879309122
1879309125
1879309126
1879309127
1879309128
1879309129
1879309130
1879309131
1879309132
1879309133
1879309134
1879309135
1879309136
1879309138
1879309139
1879309140
1879309141
1879309142
1879309143
1879309144
1879309145
1879309146
1879309147
1879309148
1879309149
1879309150
1879309151
1879309152
1879309153
1879309154
1879309155
1879309156
1879309157
1879309158
1879309159
1879309160
1879309161
1879309162
1879309163
1879309164
1879309165
1879309166
1879309167
1879309168
1879309169
1879309170
1879309171
1879309172
1879309173
1879309174
1879309175
1879309176
1879309177
1879309178
1879309179
1879309180
1879309181
1879309182
1879309183
1879309184
1879309185
1879309186
1879309187
1879309188
1879309189
1879309190
1879309191
1879309192
1879309193
1879309194
1879309195
1879309196
1879309197
1879309198
1879309199
1879309200
1879309201
1879309202
1879309203
1879309204
1879309205
1879309206
1879309207
1879309209
1879309210
1879309211
1879309212
1879309213
1879309214
1879309215
1879309216
1879309217
1879309218
1879309219
1879309220
1879309221
1879309222
1879309223
1879309224
1879309225
1879309226
1879309227
1879309228
1879309229
1879309230
1879309231
1879309232
1879309233
1879309234
1879309235
1879309236
1879309237
1879309238
1879309239
1879309240
1879309241
1879309242
1879309243
1879309244
1879309245
1879309246
1879309247
1879309248
1879309249
1879309250
1879309251
1879309252
1879309253
1879309254
1879309255
1879309256
1879309257
1879309258
1879309259
1879309260
1879309261
1879309262
1879309263
1879309264
1879309265
1879309266
1879309267
1879309268
1879309269
1879309270
1879309271
1879309272
1879309273
1879309274
1879309275
1879309276
1879309277
1879309278
1879309279
1879309280
1879309283
1879309284
1879309285
1879309286
1879309287
1879309288
1879309289
1879309290
1879309291
1879309292
1879309293
1879309294
1879309295
1879309296
1879309297
1879309298
1879309299
1879309300
1879309301
1879309302
1879309303
1879309304
1879309305
1879309306
1879309307
1879309308
1879309309
1879309310
1879309311
1879309312
1879309313
1879309314
1879309315
1879309316
1879309317
1879309318
1879309319
1879309320
1879309321
1879309322
1879309323
1879309324
1879309325
1879309326
1879309327
1879309328
1879309329
1879309330
1879309331
1879309332
1879309333
1879309334
1879309335
1879309336
1879309337
1879309338
1879309339
1879309340
1879309341
1879309342
1879309343
1879309344
1879309345
1879309346
1879309347
1879309348
1879309349
1879309350
1879309351
1879309352
1879309353
1879309354
1879309355
1879309356
1879309357
1879309358
1879309359
1879309360
1879309361
1879309362
1879309363
1879309364
1879309365
1879309366
1879309367
1879309368
1879309369
1879309370
1879309371
1879309372
1879309373
1879309374
1879309375
1879309376
1879309377
1879309378
1879309379
1879309380
1879309381
1879309382
1879309383
1879309384
1879309386
1879309387
1879309388
1879309389
1879309390
1879309391
1879309392
1879309393
1879309394
1879309395
1879309396
1879309397
1879309398
1879309399
1879309400
1879309401
1879309402
1879309403
1879309404
1879309405
1879309406
1879309407
1879309408
1879309409
1879309410
1879309411
1879309412
1879309413
1879309414
1879309415
1879309416
1879309417
1879309418
1879309419
1879309420
1879309421
1879309422
1879309423
1879309424
1879309425
1879309426
1879309427
1879309428
1879309429
1879309430
1879309431
1879309432
1879309433
1879309435
1879309436
1879309437
1879309438
1879309439
1879309440
1879309441
1879309442
1879309443
1879309444
1879309445
1879309446
1879309447
1879309448
1879309449
1879309450
1879309451
1879309452
1879309453
1879309454
1879309455
1879309456
1879309457
1879309458
1879309459
1879309460
1879309461
1879309462
1879309463
1879309464
1879309465
1879309466
1879309467
1879309468
1879309469
1879309470
1879309471
1879309472
1879309473
1879309474
1879309475
1879309476
1879309477
1879309478
1879309479
1879309480
1879309481
1879309482
1879309483
1879309484
1879309485
1879309486
1879309487
1879309488
1879309489
1879309490
1879309491
1879309492
1879309493
1879309494
1879309495
1879309496
1879309497
1879309498
1879309499
1879309500
1879309501
1879309502
1879309503
1879309504
1879309505
1879309506
1879309507
1879309508
1879309510
1879309511
1879309512
1879309513
1879309514
1879309515
1879309516
1879309517
1879309518
1879309519
1879309520
1879309521
1879309522
1879309523
1879309524
1879309525
1879309526
1879309527
1879309528
1879309529
1879309530
1879309531
1879309532
1879309533
1879309534
1879309535
1879309536
1879309537
1879309538
1879309539
1879309540
1879309541
1879309542
1879309543
1879309544
1879309545
1879309546
1879309547
1879309548
1879309549
1879309550
1879309551
1879309552
1879309553
1879309554
1879309555
1879309556
1879309557
1879309558
1879309559
1879309560
1879309561
1879309562
1879309563
1879309564
1879309565
1879309566
1879309567
1879309568
1879309569
1879309570
1879309571
1879309572
1879309573
1879309574
1879309575
1879309576
1879309577
1879309578
1879309579
1879309580
1879309581
1879309582
1879309583
1879309584
1879309585
1879309586
1879309587
1879309588
1879309589
1879309590
1879309591
1879309592
1879309593
1879309594
1879309595
1879309596
1879309597
1879309598
1879309599
1879309600
1879309601
1879309602
1879309603
1879309604
1879309605
1879309606
1879309607
1879309608
1879309609
873129953
873129954
873129955
873129956
873129957
873129958
873129959
873129960
873129961
873129962
873129963
873129964
873129965
873129966
873129967
873129968
873129969
873129970
873129971
873129972
873129973
873129974
873129975
873129976
873129978
873129979
873129980
873129981
873129982
873129983
873129984
873129985
873129986
873129987
873129988
873129989
873129990
873129991
873129992
873129993
873129994
873129995
873129996
873129997
873129998
873129999
873130000
873130001
873130002
873130003
873130004
873130005
873130006
873130007
873130008
873130009
873130010
873130011
873130012
873130013
873130014
873130015
873130016
873130017
873130018
873130020
873130021
873130022
873130023
873130024
873130025
873130026
873130027
873130028
873130029
873130030
873130031
873130032
873130033
873130034
873130035
873130036
873130037
873130038
873130039
873130040
873130041
873130042
873130043
873130044
873130045
873130046
873130047
873130048
873130049
873130050
873130051
873130052
873130053
873130054
873130055
873130056
873130057
873130058
873130059
873130060
873130061
873130062
873130063
873130064
873130065
873130066
873130067
873130068
873130069
873130070
873130071
873130072
873130073
873130074
873130075
873130076
873130077
873130078
873130079
873130080
873130081
873130082
873130083
873130084
873130085
873130086
873130087
873130088
873130089
873130090
873130091
873130092
873130093
873130094
873130095
873130096
873130097
873130098
873130099
873130100
873130101
873130102
873130103
873130104
873130105
873130106
873130107
873130108
873130109
873130110
873130111
873130112
873130114
873130115
873130116
873130117
873130118
873130120
873130121
873130122
873130123
873130124
873130125
873130126
873130127
873130128
873130129
873130130
873130131
873130132
873130133
873130134
873130135
873130136
873130137
873130138
873130139
873130140
873130141
873130142
873130143
873130144
873130145
873130146
873130147
873130148
873130149
873130150
873130151
873130152
873130153
873130154
873130155
873130156
873130157
873130158
873130159
873130160
873130161
873130162
873130163
873130164
873130165
873130166
873130167
873130168
873130169
873130170
873130171
873130172
873130173
873130174
873130175
873130176
873130177
873130178
873130179
873130180
873130181
873130182
873130183
873130184
873130185
873130186
873130187
873130188
873130189
873130190
873130191
873130192
873130193
873130194
873130195
873130196
873130197
873130198
873130199
873130200
873130201
873130202
873130203
873130204
873130205
873130206
873130207
873130208
873130209
873130210
873130211
873130213
873130214
873130215
873130216
873130217
873130218
873130219
873130220
873130221
873130222
873130223
873130224
873130225
873130226
873130227
873130228
873130229
873130230
873130231
873130232
873130233
873130234
873130235
873130236
873130237
873130238
873130239
873130240
873130241
873130242
873130243
873130244
873130245
873130246
873130247
873130248
873130249
873130250
873130251
873130252
873130253
873130254
873130255
873130256
873130257
873130258
873130259
873130260
873130261
873130262
873130263
873130264
873130265
873130266
873130267
873130268
873130269
873130270
873130271
873130272
873130273
873130274
873130275
873130276
873130277
873130278
873130279
873130280
873130281
873130282
873130283
873130284
873130285
873130286
873130287
873130288
873130289
873130290
873130291
873130292
873130293
873130294
873130295
873130296
873130297
873130298
873130299
873130300
873130301
873130302
873130303
873130304
873130305
873130306
873130307
873130308
873130309
873130310
873130311
873130312
873130313
873130314
873130315
873130316
873130317
873130318
873130319
873130320
873130321
873130322
873130323
873130324
873130325
873130326
873130327
873130328
873130329
873130330
873130331
873130333
873130334
873130335
873130336
873130337
873130338
873130339
873130340
873130341
873130342
873130343
873130344
873130345
873130346
873130347
873130348
873130349
873130350
873130351
873130352
873130353
873130354
873130355
873130356
873130357
873130358
873130359
873130360
873130361
873130362
873130363
873130364
873130365
873130366
873130367
873130368
873130369
873130370
873130371
873130372
873130373
873130374
873130375
873130376
873130377
873130378
873130379
873130380
873130381
873130382
873130383
873130384
873130385
873130386
873130387
873130388
873130389
873130390
873130391
873130392
873130393
873130394
873130395
873130396
873130397
873130398
873130399
873130400
873130401
873130402
873130403
873130404
873130405
873130406
873130407
873130408
873130409
873130410
873130411
873130412
873130413
873130414
873130415
873130416
873130417
873130418
873130419
873130420
873130421
873130422
873130423
873130424
873130425
873130426
873130427
873130428
873130429
873130430
873130431
873130432
873130433
873130434
873130435
873130436
873130437
873130438
873130439
873130440
873130441
873130442
873130443
873130444
873130445
873130446
873130447
873130448
873130449
873130450
873130451
873130452
873130453
873130454
873130455
873130456
873130457
873130458
873130459
873130460
873130461
873130462
873130463
873130464
873130465
873130466
873130467
873130468
873130469
873130470
873130471
873130472
873130473
873130474
873130475
873130476
873130477
873130478
873130479
873130480
873130481
873130482
873130483
873130484
873130485
873130486
873130487
873130488
873130489
873130490
873130491
873130492
873130493
873130494
873130495
873130496
873130497
873130498
873130499
873130500
873130501
873130502
873130503
873130504
873130505
873130506
873130507
873130508
873130509
873130510
873130511
873130512
873130513
873130514
873130515
873130516
873130517
873130518
873130519
873130520
873130521
873130522
873130523
873130524
873130525
873130526
873130527
873130528
873130529
873130530
873130531
873130532
873130533
873130534
873130535
873130536
873130537
873130538
873130539
873130540
873130541
873130542
873130543
873130544
873130545
873130546
873130547
873130548
873130549
873130550
873130551
873130552
873130953
873130954
873130955
873130956
873130957
873130958
873130959
873130960
873130961
873130962
873130963
873130964
873130965
873130966
873130967
873130968
873130969
873130970
873130971
873130972
873130973
873130974
873130975
873130976
873130977
873130978
873130979
873130980
873130981
873130982
873130983
873130984
873130985
873130986
873130987
873130988
873130989
873130990
873130991
873130992
873130993
873130994
873130995
873130996
873130997
873130998
873130999
873131000
873131001
873131002
873131003
873131004
873131005
873131006
873131007
873131008
873131009
873131010
873131011
873131012
873131013
873131014
873131015
873131016
873131017
873131018
873131019
873131020
873131021
873131022
873131023
873131024
873131025
873131026
873131027
873131028
873131029
873131030
873131031
873131032
873131033
873131034
873131035
873131036
873131037
873131038
873131039
873131040
873131041
873131042
873131043
873131044
873131045
873131046
873131047
873131048
873131049
873131050
873131051
873131052
873131053
873131054
873131055
873131056
873131057
873131058
873131059
873131060
873131061
873131062
873131063
873131064
873131065
873131066
873131067
873131068
873131069
873131070
873131071
873131072
873131073
873131074
873131075
873131076
873131077
873131078
873131079
873131080
873131081
873131082
873131083
873131084
873131085
873131086
873131087
873131088
873131089
873131090
873131091
873131092
873131093
873131094
873131095
873131096
873131097
873131098
873131099
873131100
873131101
873131102
873131103
873131104
873131105
873131106
873131107
873131108
873131109
873131110
873131111
873131112
873131113
873131114
873131116
873131117
873131118
873131119
873131120
873131121
873131122
873131123
873131124
873131125
873131126
873131127
873131128
873131129
873131130
873131131
873131132
873131133
873131134
873131135
873131136
873131137
873131138
873131139
873131140
873131141
873131142
873131143
873131144
873131145
873131146
873131147
873131148
873131149
873131150
873131151
873131152
873131353
873131354
873131355
873131356
873131357
873131358
873131359
873131360
873131361
873131362
873131363
873131364
873131365
873131366
873131367
873131368
873131369
873131370
873131371
873131372
873131373
873131374
873131375
873131376
873131377
873131378
873131379
873131380
873131381
873131382
873131383
873131384
873131385
873131386
873131387
873131388
873131389
873131390
873131391
873131392
873131393
873131394
873131395
873131396
873131397
873131398
873131399
873131400
873131401
873131402
873131403
873131404
873131405
873131406
873131407
873131408
873131409
873131410
873131411
873131412
873131413
873131414
873131415
873131416
873131417
873131418
873131419
873131420
873131421
873131422
873131423
873131424
873131425
873131426
873131427
873131428
873131429
873131430
873131431
873131432
873131433
873131434
873131435
873131436
873131437
873131438
873131439
873131440
873131441
873131442
873131443
873131444
873131445
873131446
873131447
873131448
873131449
873131450
873131451
873131452
873131453
873131454
873131455
873131456
873131457
873131458
873131459
873131460
873131461
873131462
873131463
873131464
873131465
873131466
873131467
873131468
873131469
873131470
873131471
873131472
873131473
873131474
873131475
873131476
873131477
873131478
873131479
873131480
873131481
873131482
873131483
873131484
873131485
873131486
873131487
873131488
873131489
873131490
873131491
873131492
873131493
873131494
873131495
873131496
873131497
873131498
873131499
873131500
873131501
873131502
873131503
873131504
873131505
873131506
873131508
873131509
873131510
873131511
873131512
873131513
873131514
873131515
873131516
873131517
873131518
873131519
873131520
873131521
873131522
873131523
873131524
873131525
873131526
873131527
873131528
873131529
873131530
873131531
873131532
873131533
873131534
873131535
873131536
873131537
873131538
873131539
873131540
873131541
873131542
873131543
873131544
873131545
873131546
873131547
873131548
873131549
873131550
873131551
873131552
873131554
873131555
873131556
873131557
873131558
873131559
873131560
873131561
873131562
873131563
873131564
873131565
873131566
873131567
873131568
873131569
873131570
873131571
873131572
873131573
873131574
873131575
873131576
873131577
873131578
873131579
873131580
873131581
873131582
873131583
873131584
873131585
873131586
873131587
873131588
873131589
873131590
873131591
873131592
873131593
873131594
873131595
873131596
873131597
873131598
873131599
873131600
873131601
873131602
873131603
873131604
873131605
873131606
873131607
873131608
873131609
873131610
873131611
873131613
873131614
873131615
873131616
873131617
873131618
873131619
873131820
873131821
873131822
873131823
873131824
873131825
873131826
873131827
873131828
873131829
873131830
873131831
873131832
873131833
873131834
873131835
873131836
873131837
873131838
873131839
873131840
873131842
873131843
873131844
873131845
873131846
873131847
873131848
873131849
873131850
873131851
873131852
873131853
873131854
873131855
873131856
873131857
873131858
873131859
873131860
873131861
873131862
873131863
873131864
873131865
873131866
873131867
873131868
873131869
873131870
873131871
873131872
873131873
873131874
873131875
873131876
873131877
873131878
873131879
873131880
873131881
873131882
873131883
873131884
873131885
873131886
873131887
873131888
873131889
873131890
873131891
873131892
873131893
873131894
873131895
873131896
873131897
873131898
873131899
873131900
873131901
873131902
873131903
873131904
873131905
873131906
873131907
873131908
873131909
873131910
873131911
873131912
873131913
873131914
873131915
873131916
873131917
873131918
873131919
873131920
873131921
873131922
873131923
873131924
873131925
873131926
873131927
873131928
873131929
873131930
873131931
873131932
873131933
873131934
873131935
873131936
873131937
873131938
873131939
873131940
873131941
873131942
873131943
873131944
873131945
873131946
873131947
873131948
873131949
873131950
873131951
873131952
873131953
873131954
873131955
873131956
873131957
873131958
873131959
873131960
873131961
873131962
873131963
873131964
873131965
873131966
873131967
873131968
873131969
873131970
873131971
873131972
873131973
873131974
873131975
873131976
873131977
873131978
873131979
873131980
873131981
873131982
873131983
873131984
873131985
873131986
873131987
873131988
873131989
873131990
873131991
873131992
873131993
873131994
873131995
873131996
873131997
873131998
873131999
873132000
873132001
873132002
873132003
873132004
873132005
873132006
873132007
873132008
873132009
873132010
873132011
873132012
873132013
873132014
873132015
873132016
873132017
873132018
873132019
873132020
873132021
873132022
873132023
873132024
873132025
873132026
873132027
873132028
873132029
873132031
873132032
873132033
873132034
873132035
873132036
873132037
873132038
873132039
873132040
873132041
873132042
873132043
873132044
873132045
873132046
873132047
873132048
873132049
873132050
873132051
873132052
873132053
873132054
873132055
873132056
873132057
873132058
873132059
873132060
873132061
873132062
873132063
873132064
873132065
873132066
873132067
873132068
873132069
873132070
873132071
873132072
873132073
873132074
873132075
873132076
873132077
873132078
873132079
873132080
873132081
873132082
873132083
873132084
873132085
873132086
873132087
873132088
873132089
873132090
873132091
873132092
873132093
873132094
873132095
873132096
873132097
873132098
873132099
873132100
873132101
873132102
873132103
873132104
873132105
873132106
873132107
873132108
873132109
873132110
873132111
873132112
873132113
873132114
873132115
873132116
873132117
873132118
873132119
873132120
873132121
873132122
873132123
873132124
873132125
873132126
873132127
873132128
873132129
873132130
873132131
873132132
873132133
873132134
873132135
873132136
873132137
873132138
873132139
873132140
873132141
873132142
873132143
873132144
873132145
873132146
873132147
873132148
873132149
873132150
873132151
873132152
873132153
873132154
873132155
873132156
873132157
873132158
873132159
873132160
873132161
873132162
873132163
873132164
873132165
873132166
873132167
873132168
873132169
873132170
873132171
873132172
873132173
873132174
873132175
873132176
873132177
873132178
873132179
873132180
873132181
873132182
873132183
873132184
873132185
873132186
873132187
873132188
873132189
873132190
873132191
873132192
873132193
873132194
873132195
873132196
873132197
873132198
873132199
873132200
873132201
873132202
873132203
873132204
873132206
873132207
873132208
873132209
873132210
873132211
873132213
873132214
873132215
873132216
873132217
873132218
873132219
873132220
873132222
873132223
873132224
873132225
873132226
873132227
873132228
873132229
873132230
873132231
873132232
873132233
873132234
873132235
873132236
873132237
873132238
873132239
873132240
873132241
873132242
873132243
873132244
873132445
873132446
873132447
873132448
873132449
873132450
873132451
873132452
873132453
873132454
873132455
873132456
873132457
873132458
873132459
873132460
873132461
873132462
873132463
873132464
873132465
873132466
873132467
873132468
873132469
873132470
873132471
873132472
873132473
873132474
873132475
873132476
873132477
873132478
873132479
873132480
873132481
873132482
873132483
873132484
873132485
873132486
873132487
873132488
873132489
873132490
873132491
873132492
873132493
873132494
873132495
873132496
873132497
873132498
873132499
873132500
873132501
873132502
873132503
873132504
873132505
873132506
873132507
873132508
873132509
873132510
873132511
873132512
873132513
873132514
873132515
873132516
873132517
873132518
873132519
873132520
873132521
873132522
873132523
873132524
873132525
873132526
873132527
873132528
873132529
873132530
873132531
873132532
873132533
873132534
873132535
873132536
873132537
873132538
873132539
873132540
873132541
873132542
873132543
873132544
873132545
873132546
873132547
873132548
873132549
873132550
873132551
873132552
873132553
873132554
873132555
873132556
873132557
873132558
873132559
873132560
873132561
873132562
873132563
873132564
873132565
873132566
873132567
873132568
873132569
873132570
873132571
873132572
873132573
873132574
873132575
873132576
873132577
873132578
873132579
873132580
873132581
873132582
873132583
873132584
873132585
873132586
873132587
873132588
873132589
873132590
873132591
873132592
873132593
873132594
873132595
873132596
873132597
873132598
873132599
873132600
873132601
873132602
873132603
873132604
873132605
873132606
873132607
873132608
873132609
873132610
873132611
873132612
873132613
873132614
873132615
873132616
873132617
873132618
873132619
873132620
873132621
873132622
873132623
873132624
873132625
873132626
873132627
873132628
873132629
873132630
873132631
873132632
873132633
873132634
873132635
873132636
873132637
873132638
873132639
873132640
873132641
873132642
873132643
873132644
873132645
873132646
873132647
873132648
873132649
873132650
873132651
873132652
873132653
873132654
873132655
873132656
873132657
873132658
873132659
873132660
873132661
873132662
873132663
873132664
873132665
873132666
873132667
873132668
873132669
873132670
873132671
873132672
873132673
873132674
873132675
873132676
873132677
873132678
873132679
873132680
873132681
873132682
873132683
873132684
873132685
873132686
873132687
873132688
873132689
873132690
873132691
873132692
873132693
873132694
873132695
873132696
873132697
873132698
873132699
873132700
873132701
873132702
873132703
873132704
873132705
873132706
873132707
873132708
873132709
873132710
873132711
873132712
873132713
873132914
