74496701
74496702
74496703
74496704
74496705
74496706
74496707
74496708
74496709
74496710
74496711
74496712
74496713
74496714
74496715
74496716
74496717
74496718
74496719
74496720
74496721
74496722
74496723
74496724
74496725
74496726
74496727
74496728
74496729
74496730
74496731
74496732
74496733
74496734
74496735
74496736
74496737
74496738
74496739
74496740
74496741
74496742
74496743
74496744
74496745
74496746
74496747
74496748
74496749
74496750
74496751
74496752
74496753
74496754
74496755
74496756
74496757
74496758
74496759
74496760
74496761
74496762
74496763
74496764
74496765
74496766
74496767
74496768
74496769
74496770
74496771
74496772
74496773
74496774
74496775
74496776
74496777
74496778
74496779
74496780
74496781
74496782
74496783
74496784
74496785
74496786
74496787
74496788
74496789
74496790
74496791
74496792
74496793
74496794
74496795
74496796
74496797
74496798
74496799
74496800
74496801
74496802
74496803
74496804
74496805
74496806
74496807
74496808
74496809
74496810
74496811
74496812
74496813
74496814
74496815
74496816
74496817
74496818
74496819
74496820
74496821
74496822
74496823
74496824
74496825
74496826
74496827
74496828
74496829
74496830
74496831
74496832
74496833
74496834
74496835
74496836
74496837
74496838
74496839
74496840
74496841
74496842
74496843
74496844
74496845
74496846
74496847
74496848
74496849
74496850
74496851
74496852
74496853
74496854
74496855
74496856
74496857
74496858
74496859
74496860
74496861
74496862
74496863
74496864
74496865
74496866
74496867
74496868
74496869
74496870
74496871
74496872
74496873
74496874
74496875
74496876
74496877
74496878
74496879
74496880
74496881
74496882
74496883
74496884
74496885
74496886
74496887
74496888
74496889
74496890
74496891
74496892
74496893
74496894
74496895
74496896
74496897
74496898
74496899
74496900
74496901
74496902
74496903
74496904
74496905
74496906
74496907
74496908
74496909
74496910
74496911
74496912
74496913
74496914
74496915
74496916
74496917
74496918
74496919
74496920
74496921
74496922
74496923
74496924
74496925
74496926
74496927
74496928
74496929
74498930
74500931
74500932
74502933
74504934
74504935
74504936
74504937
74504938
74506939
74506940
74506941
74506942
74506943
74506944
74506945
74506946
74508947
74508949
74508950
74508951
74508952
74510955
74510956
74510957
74510958
74510959
74510960
74510961
74510962
74510963
74510964
74510965
74510966
74510967
74510968
74510969
74510970
74510971
74510972
74510973
74510974
74510975
74510976
74510977
74510978
74510979
74510980
74510981
74512982
74512983
74514984
74514985
74514986
74514987
74514988
74514989
74514990
74514991
74514992
74514993
74514994
74514995
74514996
74514997
74514998
74514999
74515000
74515001
74515002
74515003
74515004
74515005
74515006
74515007
74515008
74515009
74515010
74515011
74515012
74515013
74515014
74515015
74515016
74515017
74515018
74515019
74515020
74515021
74515022
74515023
74515024
74515025
74515026
74515027
74515028
74515029
74515030
74515031
74515032
74515033
74515034
74515035
74515036
74515037
74515038
74515039
74515040
74515041
74515042
74515043
74515044
74515045
74515046
74515047
74515048
74515049
74515050
74515051
74515052
74515053
74515054
74515055
74515056
74515057
74515058
74515059
74515060
74515061
74515062
74515063
74517064
74517065
74517066
74517067
74517068
74517069
74517070
74517071
74517072
74517073
74517074
74517075
74517076
74517077
74517078
74517079
74517080
74517081
74517082
74517083
74517084
74517085
74517086
74517087
74517088
74517089
74517090
74517091
74517092
74517093
74517094
74517095
74517096
74517097
74517098
74517099
74517100
74517101
74517102
74517103
74517104
74517105
74517106
74517107
74517108
74517109
74517110
74517111
74517112
74517113
74517114
74517115
74517116
74517117
74517118
74517119
74517120
74517121
74517122
74517123
74517124
74519125
74519126
74519127
74519128
74519129
74519130
74519131
74519132
74519133
74519134
74519135
74519136
74519137
74519138
74519139
74519140
74519141
74519142
74519143
74519144
74519145
74519146
74519147
74519148
74519149
74519150
74519151
74519152
74519153
74519154
74519155
74519156
74519157
74519158
74519159
74519160
74520456
74521488
74522492
74523651
74524682
74525696
74525697
74526712
74526713
74526714
74527744
74527745
74527746
74528768
74528769
74528770
74528771
74528772
74528773
74528774
74528775
74528776
74528777
74528778
74528779
74528780
74528781
74528782
74528783
74529839
74531479
74531618
