1879384890
1879384891
1879384892
1879384893
1879384894
1879384895
1879384896
1879384897
1879384898
1879384899
1879384900
1879384901
1879384902
1879384903
1879384904
1879384905
1879384906
1879384907
1879384908
1879384909
1879384910
1879384911
1879384912
1879384913
1879384914
1879384915
1879384916
1879384917
1879384918
1879384920
1879384921
1879384922
1879384923
1879384924
1879384925
1879384926
1879384927
1879384928
1879384929
1879384930
1879384931
1879384932
1879384933
1879384934
1879384935
1879384936
1879384937
1879384938
1879384939
1879384940
1879384941
1879384942
1879384943
1879384944
1879384945
1879384946
1879384947
1879384948
1879384949
1879384950
1879384951
1879384952
1879384953
1879384954
1879384955
1879384956
1879384957
1879384958
1879384959
1879384960
1879384961
1879384962
1879384963
1879384964
1879384965
1879384966
1879384967
1879384968
1879384969
1879384970
1879384971
1879384972
1879384973
1879384974
1879384975
1879384976
1879384978
1879384979
1879384980
1879384981
1879384982
1879384983
1879384984
1879384985
1879384986
1879384987
1879384988
1879384989
1879384990
1879384991
1879384992
1879384993
1879384994
1879384995
1879384996
1879384997
1879384998
1879384999
1879385000
1879385001
1879385002
1879385003
1879385004
1879385005
1879385006
1879385007
1879385008
1879385009
1879385010
1879385011
1879385012
1879385013
1879385014
1879385015
1879385016
1879385017
1879385018
1879385019
1879385020
1879385021
1879385022
1879385023
1879385024
1879385025
1879385026
1879385027
1879385028
1879385029
1879385030
1879385031
1879385032
1879385033
1879385034
1879385035
1879385036
1879385038
1879385039
1879385040
1879385041
1879385042
1879385043
1879385044
1879385045
1879385046
1879385047
1879385048
1879385049
1879385050
1879385051
1879385052
1879385053
1879385054
1879385055
1879385056
1879385058
1879385059
1879385060
1879385061
1879385062
1879385063
1879385064
1879385065
1879385066
1879385067
1879385069
1879385070
1879385071
1879385072
1879385073
1879385074
1879385075
1879385076
1879385077
1879385078
1879385079
1879385080
1879385081
1879385082
1879385083
1879385084
1879385085
1879385086
1879385087
1879385088
1879385089
1879385090
1879385091
1879385092
1879385093
1879385094
1879385095
1879385096
1879385097
1879385098
1879385099
1879385100
1879385101
1879385102
1879385103
1879385104
1879385105
1879385106
1879385107
1879385108
1879385109
1879385110
1879385111
1879385112
1879385113
1879385114
1879385115
1879385116
1879385117
1879385118
1879385119
1879385120
1879385121
1879385122
1879385123
1879385124
1879385125
1879385126
1879385127
1879385128
1879385129
1879385130
1879385131
1879385132
1879385133
1879385134
1879385135
1879385136
1879385137
1879385138
1879385139
1879385140
1879385141
1879385142
1879385143
1879385144
1879385145
1879385146
1879385147
1879385148
1879385149
1879385150
1879385151
1879385152
1879385153
1879385154
1879385155
1879385156
1879385157
1879385158
1879385159
1879385160
1879385161
1879385162
1879385163
1879385164
1879385165
1879385166
1879385167
1879385168
1879385169
1879385170
1879385171
1879385172
1879385173
1879385174
1879385175
1879385176
1879385177
1879385178
1879385179
1879385180
1879385181
1879385182
1879385183
1879385185
1879385186
1879385187
1879385188
1879385189
1879385190
1879385191
1879385192
1879385193
1879385194
1879385196
1879385197
1879385198
1879385199
1879385200
1879385201
1879385202
1879385203
1879385204
1879385205
1879385206
1879385207
1879385208
1879385209
1879385210
1879385212
1879385213
1879385214
1879385215
1879385216
1879385217
1879385218
1879385219
1879385220
1879385221
1879385222
1879385223
1879385224
1879385225
1879385226
1879385227
1879385228
1879385229
1879385230
1879385231
1879385232
1879385233
1879385234
1879385235
1879385236
1879385237
1879385238
1879385239
1879385240
1879385241
1879385242
1879385243
1879385244
1879385245
1879385246
1879385247
1879385248
1879385249
1879385250
1879385251
1879385252
1879385253
1879385254
1879385255
1879385256
1879385257
1879385258
1879385259
1879385260
1879385261
1879385262
1879385263
1879385264
1879385265
1879385266
1879385267
1879385268
1879385269
1879385270
1879385271
1879385272
1879385273
1879385274
1879385275
1879385276
1879385277
1879385278
1879385279
1879385280
1879385281
1879385282
1879385283
1879385284
1879385285
1879385286
1879385287
1879385288
1879385289
1879385290
1879385291
1879385292
1879385293
1879385294
1879385295
1879385296
1879385297
1879385298
1879385299
1879385300
1879385301
1879385302
1879385303
1879385304
1879385305
1879385306
1879385307
1879385308
1879385309
1879385310
1879385311
1879385312
1879385313
1879385314
1879385315
1879385316
1879385317
1879385318
1879385320
1879385321
1879385322
1879385323
1879385324
1879385325
1879385326
1879385327
1879385328
1879385329
1879385330
1879385331
1879385332
1879385333
1879385334
1879385335
1879385336
1879385337
1879385338
1879385339
1879385340
1879385342
1879385343
1879385344
1879385345
1879385346
1879385347
1879385348
1879385350
1879385351
1879385352
1879385353
1879385354
1879385355
1879385356
1879385357
1879385358
1879385359
1879385360
1879385361
1879385362
1879385363
1879385364
1879385365
1879385366
1879385367
1879385368
1879385369
1879385370
1879385371
1879385372
1879385373
1879385374
1879385375
1879385376
1879385377
1879385378
1879385379
1879385380
1879385381
1879385382
1879385383
1879385384
1879385385
1879385386
1879385387
1879385388
1879385389
1879385890
1879385891
1879385892
1879385893
1879385894
1879385895
1879385896
1879385897
1879385898
1879385899
1879385900
1879385901
1879385902
1879385903
1879385904
1879385905
1879385906
1879385907
1879385908
1879385909
1879385910
1879385911
1879385912
1879385913
1879385914
1879385915
1879385916
1879385917
1879385918
1879385919
1879385920
1879385921
1879385922
1879385923
1879385924
1879385925
1879385926
1879385928
1879385929
1879385930
1879385931
1879385932
1879385934
1879385935
1879385936
1879385937
1879385938
1879385939
1879385940
1879385941
1879385942
1879385943
1879385944
1879385945
1879385946
1879385947
1879385948
1879385949
1879385950
1879385951
1879385952
1879385953
1879385954
1879385955
1879385956
1879385957
1879385958
1879385959
1879385960
1879385961
1879385962
1879385963
1879385964
1879385965
1879385966
1879385967
1879385968
1879385969
1879385970
1879385971
1879385972
1879385973
1879385974
1879385975
1879385976
1879385977
1879385978
1879385979
1879385980
1879385981
1879385982
1879385983
1879385984
1879385985
1879385986
1879385987
1879385988
1879385989
1879385990
1879385991
1879385992
1879385993
1879385994
1879385995
1879385996
1879385997
1879385998
1879385999
1879386000
1879386001
1879386002
1879386003
1879386004
1879386005
1879386006
1879386007
1879386008
1879386009
1879386010
1879386011
1879386012
1879386013
1879386014
1879386015
1879386016
1879386017
1879386018
1879386019
1879386020
1879386021
1879386022
1879386023
1879386024
1879386025
1879386026
1879386027
1879386028
1879386029
1879386030
1879386031
1879386032
1879386033
1879386034
1879386035
1879386036
1879386037
1879386038
1879386039
1879386040
1879386041
1879386042
1879386043
1879386044
1879386045
1879386046
1879386047
1879386048
1879386049
1879386050
1879386051
1879386052
1879386053
1879386054
1879386055
1879386056
1879386057
1879386058
1879386059
1879386060
1879386061
1879386062
1879386063
1879386064
1879386065
1879386066
1879386067
1879386068
1879386069
1879386070
1879386071
1879386072
1879386073
1879386074
1879386075
1879386076
1879386077
1879386078
1879386079
1879386080
1879386081
1879386082
1879386083
1879386084
1879386085
1879386086
1879386087
1879386088
1879386089
1879386090
1879386091
1879386092
1879386093
1879386094
1879386095
1879386096
1879386097
1879386098
1879386099
1879386100
1879386101
1879386102
1879386103
1879386104
1879386105
1879386106
1879386107
1879386108
1879386109
1879386110
1879386111
1879386112
1879386113
1879386114
1879386115
1879386116
1879386118
1879386120
1879386121
1879386122
1879386123
1879386124
1879386125
1879386126
1879386127
1879386128
1879386129
1879386130
1879386131
1879386132
1879386133
1879386134
1879386135
1879386136
1879386137
1879386138
1879386139
1879386140
1879386141
1879386142
1879386143
1879386144
1879386145
1879386146
1879386147
1879386148
1879386149
1879386150
1879386151
1879386152
1879386153
1879386154
1879386155
1879386156
1879386157
1879386158
1879386159
1879386160
1879386161
1879386162
1879386163
1879386164
1879386165
1879386166
1879386167
1879386168
1879386169
1879386170
1879386171
1879386172
1879386173
1879386174
1879386175
1879386176
1879386178
1879386179
1879386180
1879386181
1879386182
1879386183
1879386184
1879386185
1879386186
1879386187
1879386188
1879386189
1879386190
1879386191
1879386193
1879386194
1879386195
1879386196
1879386197
1879386198
1879386199
1879386200
1879386201
1879386202
1879386203
1879386204
1879386205
1879386206
1879386207
1879386208
1879386209
1879386210
1879386211
1879386212
1879386213
1879386214
1879386215
1879386216
1879386217
1879386218
1879386219
1879386220
1879386221
1879386222
1879386223
1879386224
1879386225
1879386226
1879386227
1879386228
1879386229
1879386230
1879386231
1879386232
1879386233
1879386234
1879386235
1879386236
1879386237
1879386238
1879386239
1879386240
1879386241
1879386242
1879386243
1879386244
1879386245
1879386246
1879386247
1879386248
1879386249
1879386250
1879386251
1879386252
1879386253
1879386254
1879386255
1879386256
1879386257
1879386258
1879386259
1879386260
1879386261
1879386262
1879386263
1879386264
1879386265
1879386266
1879386267
1879386268
1879386269
1879386270
1879386271
1879386272
1879386273
1879386274
1879386275
1879386276
1879386277
1879386278
1879386279
1879386280
1879386281
1879386282
1879386283
1879386284
1879386285
1879386286
1879386287
1879386288
1879386289
1879386290
1879386291
1879386292
1879386293
1879386294
1879386295
1879386296
1879386298
1879386299
1879386300
1879386301
1879386302
1879386303
1879386304
1879386305
1879386306
1879386307
1879386308
1879386309
1879386310
1879386311
1879386312
1879386313
1879386314
1879386315
1879386316
1879386317
1879386318
1879386319
1879386320
1879386321
1879386322
1879386323
1879386324
1879386325
1879386326
1879386327
1879386328
1879386329
1879386330
1879386331
1879386332
1879386333
1879386334
1879386335
1879386336
1879386337
1879386338
1879386339
1879386340
1879386341
1879386342
1879386343
1879386344
1879386345
1879386346
1879386347
1879386348
1879386349
1879386350
1879386351
1879386352
1879386353
1879386354
1879386355
1879386356
1879386357
1879386358
1879386359
1879386360
1879386361
1879386362
1879386363
1879386364
1879386365
1879386366
1879386367
1879386368
1879386369
1879386370
1879386371
1879386372
1879386373
1879386374
1879386375
1879386376
1879386377
1879386378
1879386379
1879386380
1879386381
1879386383
1879386384
1879386385
1879386386
1879386387
1879386388
1879386389
1879386390
1879386391
1879386392
1879386393
1879386394
1879386395
1879386396
1879386397
1879386398
1879386399
1879386400
1879386401
1879386402
1879386403
1879386404
1879386405
1879386406
1879386407
1879386408
1879386409
1879386410
1879386411
1879386412
1879386413
1879386414
1879386416
1879386417
1879386418
1879386419
1879386420
1879386421
1879386422
1879386423
1879386424
1879386425
1879386426
1879386427
1879386428
1879386429
1879386430
1879386431
1879386432
1879386433
1879386434
1879386435
1879386436
1879386437
1879386438
1879386439
1879386440
1879386441
1879386442
1879386443
1879386444
1879386445
1879386446
1879386447
1879386448
1879386449
1879386450
1879386451
1879386452
1879386453
1879386454
1879386455
1879386456
1879386457
1879386458
1879386459
1879386460
1879386461
1879386462
1879386463
1879386464
1879386466
1879386467
1879386468
1879386469
1879386470
1879386471
1879386472
1879386473
1879386474
1879386475
1879386476
1879386477
1879386478
1879386479
1879386481
1879386482
1879386483
1879386484
1879386485
1879386486
1879386487
1879386488
1879386489
1879386490
1879386491
1879386492
1879386493
1879386494
1879386495
1879386496
1879386497
1879386498
1879386499
1879386500
1879386501
1879386502
1879386503
1879386504
1879386505
1879386506
1879386507
1879386508
1879386509
1879386510
1879386511
1879386512
1879386513
1879386514
1879386515
1879386516
1879386517
1879386518
1879386519
1879386520
1879386521
1879386522
1879386523
1879386524
1879386525
1879386526
1879386527
1879386528
1879386529
1879386530
1879386531
1879386533
1879386534
1879386535
1879386536
1879386537
1879386538
1879386539
1879386540
1879386541
1879386542
1879386543
1879386544
1879386545
1879386546
1879386547
1879386548
1879386549
1879386550
1879386551
1879386552
1879386553
1879386554
1879386555
1879386556
1879386557
1879386558
1879386559
1879386560
1879386561
1879386562
1879386563
1879386564
1879386565
1879386566
1879386567
1879386568
1879386569
1879386570
1879386571
1879386572
1879386573
1879386574
1879386575
1879386576
1879386577
1879386578
1879386579
1879386580
1879386581
1879386582
1879386583
1879386584
1879386585
1879386586
1879386587
1879386588
1879386589
1879386590
1879386591
1879386592
1879386593
1879386594
1879386595
1879386596
1879386597
1879386599
1879386600
1879386601
1879386602
1879386603
1879386604
1879386605
1879386606
1879386607
1879386608
1879386609
1879386610
1879386611
1879386612
1879386613
1879386614
1879386615
1879386616
1879386617
1879386618
1879386619
1879386620
1879386621
1879386622
1879386623
1879386624
1879386625
1879386626
1879386627
1879386628
1879386629
1879386630
1879386631
1879386632
1879386633
1879386634
1879386635
1879386636
1879386637
1879386638
1879386639
1879386640
1879386641
1879386642
1879386643
1879386644
1879386645
1879386646
1879386647
1879386648
1879386649
1879386650
1879386651
1879386652
1879386653
1879386654
1879386655
1879386656
1879386657
1879386658
1879386659
1879386660
1879386661
1879386662
1879386663
1879386664
1879386665
1879386666
1879386667
1879386668
1879386669
1879386670
1879386671
1879386672
1879386673
1879386674
1879386675
1879386676
1879386677
1879386678
1879386679
1879386680
1879386681
1879386682
1879386684
1879386685
1879386686
1879386687
1879386688
1879386689
1879386690
1879386691
1879386692
1879386693
1879386694
1879386695
1879386696
1879386697
1879386698
1879386699
1879386700
1879386701
1879386702
1879386703
1879386704
1879386705
1879386706
1879386707
1879386708
1879386709
1879386710
1879386711
1879386712
1879386713
1879386714
1879386715
1879386716
1879386717
1879386718
1879386719
1879386720
1879386721
1879386722
1879386723
1879386724
1879386725
1879386726
1879386727
1879386728
1879386729
1879386730
1879386731
1879386732
1879386733
1879386734
1879386735
1879386736
1879386737
1879386738
1879386739
1879386740
1879386741
1879386742
1879386743
1879386744
1879386745
1879386746
1879386747
1879386749
1879386750
1879386751
1879386752
1879386754
1879386755
1879386756
1879386757
1879386758
1879386759
1879386760
1879386761
1879386762
1879386763
1879386764
1879386765
1879386766
1879386767
1879386768
1879386769
1879386770
1879386771
1879386773
1879386774
1879386775
1879386776
1879386777
1879386778
1879386779
1879386780
1879386781
1879386782
1879386783
1879386785
1879386786
1879386787
1879386788
1879386789
1879386790
1879386791
1879386792
1879386793
1879386794
1879386795
1879386796
1879386797
1879386798
1879386799
1879386800
1879386801
1879386802
1879386803
1879386804
1879386805
1879386806
1879386807
1879386808
1879386810
1879386811
1879386812
1879386813
1879386814
1879386815
1879386816
1879386817
1879386818
1879386819
1879386820
1879386821
1879386822
1879386823
1879386824
1879386825
1879386826
1879386827
1879386828
1879386829
1879386830
1879386831
1879386832
1879386833
1879386834
1879386835
1879386836
1879387337
1879387338
1879387339
1879387340
1879387341
1879387342
1879387343
1879387344
1879387345
1879387346
1879387347
1879387348
1879387349
1879387350
1879387351
1879387352
1879387353
1879387354
1879387355
1879387356
1879387357
1879387358
1879387359
1879387360
1879387361
1879387362
1879387363
1879387364
1879387365
1879387366
1879387367
1879387368
1879387369
1879387370
1879387371
1879387372
1879387373
1879387374
1879387375
1879387376
1879387377
1879387378
1879387379
1879387380
1879387381
1879387382
1879387383
1879387384
1879387385
1879387386
1879387387
1879387388
1879387389
1879387390
1879387391
1879387392
1879387393
1879387394
1879387395
1879387396
1879387397
1879387398
1879387399
1879387400
1879387401
1879387402
1879387403
1879387404
1879387405
1879387406
1879387408
1879387409
1879387410
1879387411
1879387412
1879387413
1879387414
1879387415
1879387416
1879387417
1879387418
1879387419
1879387420
1879387421
1879387422
1879387423
1879387424
1879387425
1879387426
1879387427
1879387428
1879387429
1879387430
1879387431
1879387432
1879387433
1879387434
1879387435
1879387436
1879387437
1879387438
1879387439
1879387440
1879387441
1879387442
1879387443
1879387444
1879387445
1879387446
1879387447
1879387448
1879387449
1879387450
1879387451
1879387452
1879387453
1879387454
1879387455
1879387456
1879387457
1879387458
1879387459
1879387460
1879387461
1879387462
1879387464
1879387465
1879387466
1879387467
1879387468
1879387469
1879387470
1879387471
1879387472
1879387473
1879387474
1879387475
1879387476
1879387477
1879387479
1879387480
1879387481
1879387482
1879387483
1879387484
1879387485
1879387486
1879387487
1879387488
1879387489
1879387490
1879387491
1879387492
1879387493
1879387494
1879387495
1879387496
1879387498
1879387499
1879387500
1879387501
1879387502
1879387503
1879387504
1879387505
1879387506
1879387507
1879387508
1879387509
1879387510
1879387511
1879387512
1879387513
1879387514
1879387515
1879387516
1879387517
1879387518
1879387519
1879387520
1879387521
1879387522
1879387523
1879387524
1879387525
1879387526
1879387527
1879387528
1879387529
1879387530
1879387531
1879387532
1879387533
1879387534
1879387535
1879387536
1879387537
1879387538
1879387539
1879387540
1879387541
1879387542
1879387543
1879387544
1879387545
1879387546
1879387547
1879387548
1879387549
1879387551
1879387552
1879387553
1879387554
1879387555
1879387556
1879387557
1879387558
1879387559
1879387560
1879387561
1879387562
1879387563
1879387564
1879387565
1879387566
1879387567
1879387568
1879387569
1879387570
1879387571
1879387572
1879387573
1879387574
1879387575
1879387576
1879387577
1879387578
1879387579
1879387580
1879387581
1879387582
1879387583
1879387584
1879387585
1879387586
1879387587
1879387588
1879387589
1879387590
1879387591
1879387592
1879387593
1879387594
1879388595
1879388596
1879388597
1879388598
1879388599
1879388600
1879388601
1879388602
1879388603
1879388604
1879388605
1879388606
1879388607
1879388609
1879388610
1879388611
1879388612
1879388613
1879388614
1879388615
1879388616
1879388618
1879388619
1879388620
1879388621
1879388622
1879388623
1879388624
1879388625
1879388626
1879388627
1879388628
1879388629
1879388630
1879388631
1879388632
1879388633
1879388634
1879388635
1879388636
1879388637
1879388638
1879388639
1879388640
1879388641
1879388642
1879388643
1879388644
1879388645
1879388646
1879388647
1879388648
1879388649
1879388650
1879388651
1879388652
1879388653
1879388654
1879388655
1879388656
1879388657
1879388658
1879388659
1879388660
1879388661
1879388662
1879388663
1879388664
1879388665
1879388666
1879388667
1879388668
1879388669
1879388670
1879388672
1879388673
1879388674
1879388675
1879388676
1879388677
1879388678
1879388679
1879388680
1879388681
1879388682
1879388683
1879388684
1879388685
1879388686
1879388687
1879388688
1879388689
1879388690
1879388691
1879388692
1879388693
1879388694
1879388695
1879388696
1879388697
1879388698
1879388699
1879388700
1879388701
1879388702
1879388703
1879388704
1879388705
1879388706
1879388707
1879388708
1879388709
1879388710
1879388711
1879388712
1879388713
1879388714
1879388715
1879388716
1879388717
1879388718
1879388719
1879388720
1879388721
1879388722
1879388723
1879388724
1879388725
1879388726
1879388727
1879388728
1879388729
1879388730
1879388731
1879388732
1879388733
1879388734
1879388735
1879388736
1879388737
1946378053
1946378054
1946378055
1946378056
1946378057
1946378058
1946378059
1946378060
1946378061
1946378062
1946378063
1946378064
1946378065
1946378067
1946378068
1946378069
1946378070
1946378071
1946378072
1946378073
1946378074
1946378075
1946378076
1946378077
1946378078
1946378079
1946378080
1946378081
1946378082
1946378083
1946378084
1946378085
1946378086
1946378087
1946378088
1946378089
1946378090
1946378091
1946378092
1946378093
1946378094
1946378096
1946378097
1946378098
1946378099
1946378100
1946378101
1946378102
1946378103
1946378104
1946378105
1946378106
1946378107
1946378108
1946378109
1946378110
1946378111
1946378112
1946378113
1946378114
1946378115
1946378116
1946378117
1946378118
1946378119
1946378120
1946378121
1946378122
1946378123
1946378124
1946378125
1946378126
1946378127
1946378128
1946378129
1946378130
1946378131
1946378132
1946378133
1946378134
1946378135
1946378136
1946378137
1946378138
1946378139
1946378140
1946378141
1946378142
1946378143
1946378144
1946378145
1946378146
1946378147
1946378148
1946378149
1946378150
1946378151
1946378152
1946378153
1946378154
1946378155
1946378156
1946378157
1946378158
1946378159
1946378160
1946378161
1946378162
1946378163
1946378164
1946378165
1946378166
1946378167
1946378168
1946378169
1946378170
1946378171
1946378172
1946378173
1946378174
1946378175
1946378176
1946378177
1946378178
1946378179
1946378180
1946378181
1946378183
1946378184
1946378185
1946378186
1946378187
1946378188
1946378189
1946378190
1946378191
1946378192
1946378193
1946378194
1946378196
1946378197
1946378198
1946378199
1946378201
1946378202
1946378203
1946378204
1946378205
1946378206
1946378207
1946378208
1946378209
1946378210
1946378211
1946378212
1946378213
1946378214
1946378215
1946378216
1946378217
1946378218
1946378219
1946378220
1946378221
1946378222
1946378223
1946378224
1946378225
1946378226
1946378227
1946378228
1946378229
1946378230
1946378231
1946378232
1946378233
1946378234
1946378235
1946378236
1946378237
1946378238
1946378239
1946378240
1946378241
1946378242
1946378243
1946378244
1946378245
1946378246
1946378247
1946378248
1946378249
1946378251
1946378252
1946378253
1946378254
1946378255
1946378256
1946378257
1946378258
1946378259
1946378260
1946378261
1946378262
1946378263
1946378264
1946378265
1946378266
1946378267
1946378268
1946378269
1946378270
1946378271
1946378272
1946378273
1946378274
1946378275
1946378276
1946378277
1946378278
1946378279
1946378280
1946378281
1946378282
1946378283
1946378284
1946378285
1946378286
1946378287
1946378288
1946378289
1946378290
1946378291
1946378292
1946378293
1946378294
1946378295
1946378296
1946378297
1946378298
1946378299
1946378300
1946378301
1946378302
1946378303
1946378304
1946378305
1946378306
1946378307
1946378308
1946378309
1946378310
1946378311
1946378312
1946378313
1946378314
1946378315
1946378316
1946378317
1946378318
1946378319
1946378320
1946378321
1946378322
1946378323
1946378324
1946378325
1946378326
1946378327
1946378328
1946378329
1946378330
1946378331
1946378332
1946378333
1946378334
1946378335
1946378336
1946378337
1946378338
1946378339
1946378340
1946378341
1946378342
1946378343
1946378344
1946378345
1946378346
1946378347
1946378348
1946378349
1946378350
1946378351
1946378352
1946378354
1946378355
1946378356
1946378357
1946378358
1946378359
1946378360
1946378361
1946378362
1946378364
1946378365
1946378366
1946378367
1946378368
1946378369
1946378370
1946378371
1946378372
1946378373
1946378374
1946378375
1946378376
1946378377
1946378378
1946378379
1946378380
1946378381
1946378382
1946378383
1946378384
1946378385
1946378386
1946378387
1946378388
1946378389
1946378390
1946378391
1946378392
1946378393
1946378394
1946378396
1946378397
1946378398
1946378399
1946378400
1946378401
1946378402
1946378403
1946378404
1946378405
1946378406
1946378407
1946378409
1946378410
1946378411
1946378412
1946378413
1946378414
1946378415
1946378416
1946378417
1946378418
1946378419
1946378420
1946378421
1946378422
1946378423
1946378424
1946378425
1946378426
1946378427
1946378428
1946378429
1946378430
1946378431
1946378432
1946378433
1946378434
1946378435
1946378436
1946378437
1946378438
1946378439
1946378440
1946378441
1946378442
1946378443
1946378444
1946378445
1946378446
1946378447
1946378448
1946378449
1946378450
1946378451
1946378452
1946378791
1946378792
1946378793
1946378794
1946378795
1946378796
1946378797
1946378798
1946378799
1946378800
1946378801
1946378802
1946378803
1946378804
1946378805
1946378806
1946378807
1946378808
1946378809
1946378810
1946378811
1946378813
1946378814
1946378815
1946378816
1946378817
1946378818
1946378819
1946378820
1946378821
1946378822
1946378823
1946378824
1946378825
1946378826
1946378827
1946378828
1946378829
1946378830
1946378831
1946378832
1946378833
1946378834
1946378835
1946378836
1946378837
1946378838
1946378839
1946378840
1946378841
1946378842
1946378843
1946378844
1946378845
1946378846
1946378847
1946378848
1946378849
1946378850
1946378851
1946378852
1946378853
1946378854
1946378855
1946378856
1946378857
1946378858
1946378859
1946378860
1946378861
1946378862
1946378863
1946378864
1946378865
1946378866
1946378867
1946378868
1946378869
1946378870
1946378871
1946378872
1946378873
1946378874
1946378875
1946378876
1946378877
1946378878
1946378879
1946378880
1946378881
1946378882
1946378883
1946378884
1946378885
1946378886
1946378887
1946378888
1946378889
1946378890
1946378891
1946378892
1946378893
1946378894
1946378895
1946378896
1946378897
1946378898
1946378899
1946378900
1946378901
1946378902
1946378903
1946378904
1946378905
1946378906
1946378907
1946378908
1946378909
1946378910
1946378911
1946378912
1946378913
1946378914
1946378915
1946378916
1946378917
1946378918
1946378919
1946378920
1946378921
1946378922
1946378923
1946378924
1946378925
1946378926
1946378927
1946378928
1946378929
1946378930
1946378931
1946378932
1946378933
1946378934
1946378935
1946378938
1946378939
1946378940
1946378941
1946378942
1946378943
1946378944
1946378945
1946378946
1946378947
1946378948
1946378949
1946378950
1946378951
1946378952
1946378954
1946378955
1946378956
1946378957
1946378958
1946378959
1946378960
1946378961
1946378962
1946378963
1946378964
1946378965
1946378966
1946378967
1946378968
1946378969
1946378970
1946378971
1946378972
1946378973
1946378974
1946378975
1946378976
1946378977
1946378978
1946378979
1946378980
1946378981
1946378982
1946378983
1946378984
1946378985
1946378986
1946378987
1946378988
1946378989
1946378990
1946378991
1946378992
1946378993
1946378994
1946378995
1946378996
1946378997
1946378998
1946378999
1946379000
1946379001
1946379002
1946379003
1946379004
1946379005
1946379006
1946379007
1946379008
1946379009
1946379010
1946379011
1946379012
1946379013
1946379014
1946379015
1946379016
1946379017
1946379018
1946379019
1946379020
1946379021
1946379022
1946379023
1946379024
1946379025
1946379026
1946379027
1946379028
1946379029
1946379030
1946379031
1946379032
1946379033
1946379034
1946379035
1946379036
1946379037
1946379038
1946379039
1946379040
1946379041
1946379042
1946379043
1946379044
1946379045
1946379046
1946379047
1946379048
1946379049
1946379050
1946379051
1946379052
1946379053
1946379054
1946379055
1946379056
1946379057
1946379058
1946379059
1946379060
1946379061
1946379062
1946379063
1946379064
1946379065
1946379066
1946379067
1946379068
1946379069
1946379070
1946379071
1946379072
1946379073
1946379074
1946379075
1946379076
1946379077
1946379078
1946379080
1946379081
1946379082
1946379083
1946379084
1946379085
1946379086
1946379087
1946379088
1946379089
1946379090
1946379091
1946379092
1946379093
1946379094
1946379319
1946379320
1946379321
1946379322
1946379323
1946379324
1946379325
1946379327
1946379328
1946379329
1946379330
1946379331
1946379332
1946379333
1946379334
1946379335
1946379336
1946379337
1946379338
1946379339
1946379340
1946379341
1946379342
1946379343
1946379344
1946379345
1946379346
1946379347
1946379348
1946379349
1946379350
1946379351
1946379352
1946379353
1946379354
1946379355
1946379356
1946379357
1946379358
1946379359
1946379361
1946379362
1946379363
1946379364
1946379365
1946379366
1946379367
1946379368
1946379369
1946379370
1946379371
1946379372
1946379373
1946379374
1946379375
1946379376
1946379377
1946379378
1946379379
1946379380
1946379381
1946379382
1946379383
1946379384
1946379385
1946379386
1946379387
1946379388
1946379389
1946379390
1946379391
1946379392
1946379393
1946379394
1946379395
1946379396
1946379397
1946379398
1946379399
1946379400
1946379401
1946379402
1946379403
1946379404
1946379405
1946379406
1946379407
1946379408
1946379409
1946379410
1946379411
1946379412
1946379413
1946379414
1946379415
1946379416
1946379417
1946379418
1946379419
1946379420
1946379421
1946379422
1946379423
1946379424
1946379425
1946379426
1946379427
1946379428
1946379429
1946379430
1946379432
1946379433
1946379434
1946379435
1946379436
1946379437
1946379438
1946379439
1946379441
1946379442
1946379443
1946379444
1946379445
1946379446
1946379447
1946379448
1946379449
1946379450
1946379451
1946379452
1946379453
1946379454
1946379455
1946379456
1946379457
1946379458
1946379459
1946379460
1946379461
1946379463
1946379464
1946379465
1946379466
1946379467
1946379468
1946379469
1946379470
1946379471
1946379472
1946379473
1946379474
1946379475
1946379476
1946379477
1946379478
1946379479
1946379480
1946379481
1946379482
1946379483
1946379484
1946379485
1946379486
1946379487
1946379488
1946379489
1946379490
1946379491
1946379492
1946379493
1946379494
1946379495
1946379496
1946379497
1946379498
1946379499
1946379500
1946379501
1946379502
1946379503
1946379504
1946379505
1946379506
1946379507
1946379508
1946379509
1946379510
1946379511
1946379512
1946379513
1946379514
1946379515
1946379516
