1.92 − 2.15 ( 1.343 0.011 0.044 0.010 0.005 0.045 ) ×10−1
2.15 − 2.40 ( 1.343 0.010 0.042 0.008 0.004 0.043 ) ×10−1
2.40 − 2.67 ( 1.268 0.009 0.039 0.007 0.002 0.039 ) ×10−1
2.67 − 2.97 ( 1.205 0.008 0.036 0.006 0.002 0.036 ) ×10−1
2.97 − 3.29 ( 1.128 0.007 0.033 0.005 0.001 0.033 ) ×10−1
3.29 − 3.64 ( 1.003 0.006 0.029 0.004 0.000 0.029 ) ×10−1
3.64 − 4.02 ( 8.879 0.049 0.249 0.032 0.005 0.251 ) ×10−2
4.02 − 4.43 ( 7.661 0.041 0.213 0.026 0.008 0.215 ) ×10−2
4.43 − 4.88 ( 6.578 0.034 0.181 0.021 0.010 0.183 ) ×10−2
4.88 − 5.37 ( 5.613 0.027 0.154 0.018 0.011 0.155 ) ×10−2
5.37 − 5.90 ( 4.661 0.023 0.127 0.015 0.010 0.128 ) ×10−2
5.90 − 6.47 ( 3.879 0.019 0.105 0.012 0.010 0.107 ) ×10−2
6.47 − 7.09 ( 3.190 0.016 0.087 0.010 0.009 0.088 ) ×10−2
7.09 − 7.76 ( 2.597 0.013 0.070 0.008 0.008 0.071 ) ×10−2
7.76 − 8.48 ( 2.080 0.011 0.056 0.007 0.007 0.057 ) ×10−2
8.48 − 9.26 ( 1.704 0.009 0.046 0.006 0.006 0.047 ) ×10−2
9.26 − 10.1 ( 1.381 0.008 0.037 0.005 0.005 0.038 ) ×10−2
10.1 − 11.0 ( 1.108 0.006 0.030 0.004 0.004 0.030 ) ×10−2
11.0 − 12.0 ( 8.755 0.053 0.237 0.029 0.033 0.241 ) ×10−3
12.0 − 13.0 ( 7.209 0.047 0.195 0.023 0.028 0.198 ) ×10−3
13.0 − 14.1 ( 5.778 0.040 0.157 0.019 0.023 0.159 ) ×10−3
14.1 − 15.3 ( 4.626 0.034 0.125 0.015 0.019 0.128 ) ×10−3
15.3 − 16.6 ( 3.717 0.028 0.101 0.012 0.016 0.103 ) ×10−3
16.6 − 18.0 ( 3.030 0.024 0.082 0.009 0.013 0.084 ) ×10−3
18.0 − 19.5 ( 2.385 0.020 0.065 0.007 0.010 0.066 ) ×10−3
19.5 − 21.1 ( 1.932 0.017 0.053 0.006 0.009 0.054 ) ×10−3
21.1 − 22.8 ( 1.560 0.014 0.042 0.005 0.007 0.043 ) ×10−3
22.8 − 24.7 ( 1.230 0.011 0.034 0.004 0.006 0.034 ) ×10−3
24.7 − 26.7 ( 9.664 0.094 0.265 0.028 0.045 0.270 ) ×10−4
26.7 − 28.8 ( 7.775 0.079 0.214 0.023 0.037 0.218 ) ×10−4
28.8 − 31.1 ( 6.284 0.066 0.173 0.018 0.030 0.176 ) ×10−4
31.1 − 33.5 ( 5.114 0.058 0.141 0.015 0.025 0.144 ) ×10−4
33.5 − 36.1 ( 4.045 0.049 0.112 0.012 0.020 0.114 ) ×10−4
36.1 − 38.9 ( 3.259 0.042 0.091 0.010 0.016 0.093 ) ×10−4
38.9 − 41.9 ( 2.608 0.036 0.073 0.008 0.013 0.074 ) ×10−4
41.9 − 45.1 ( 2.035 0.031 0.057 0.007 0.011 0.058 ) ×10−4
45.1 − 48.5 ( 1.670 0.027 0.047 0.006 0.009 0.048 ) ×10−4
48.5 − 52.2 ( 1.321 0.023 0.037 0.005 0.007 0.038 ) ×10−4
52.2 − 56.1 ( 1.057 0.020 0.030 0.004 0.006 0.031 ) ×10−4
56.1 − 60.3 ( 8.505 0.174 0.244 0.033 0.048 0.251 ) ×10−5
60.3 − 64.8 ( 6.925 0.151 0.199 0.028 0.040 0.205 ) ×10−5
64.8 − 69.7 ( 5.271 0.127 0.154 0.023 0.032 0.158 ) ×10−5
69.7 − 74.9 ( 4.422 0.112 0.129 0.020 0.027 0.133 ) ×10−5
74.9 − 80.5 ( 3.349 0.094 0.099 0.017 0.021 0.103 ) ×10−5
80.5 − 86.5 ( 2.813 0.083 0.083 0.015 0.019 0.087 ) ×10−5
86.5 − 93.0 ( 2.365 0.073 0.070 0.014 0.016 0.073 ) ×10−5
93.0 − 100  ( 1.826 0.062 0.055 0.011 0.013 0.057 ) ×10−5
100  − 108  ( 1.402 0.051 0.043 0.009 0.010 0.045 ) ×10−5
108  − 116  ( 1.130 0.045 0.035 0.008 0.009 0.037 ) ×10−5
116  − 125  ( 8.855 0.379 0.275 0.070 0.071 0.292 ) ×10−6
125  − 135  ( 6.307 0.303 0.201 0.054 0.053 0.215 ) ×10−6
135  − 147  ( 5.607 0.260 0.176 0.053 0.050 0.190 ) ×10−6
147  − 160  ( 3.874 0.207 0.125 0.040 0.036 0.136 ) ×10−6
160  − 175  ( 3.308 0.178 0.105 0.038 0.033 0.117 ) ×10−6
175  − 192  ( 2.152 0.134 0.072 0.028 0.023 0.080 ) ×10−6
192  − 211  ( 1.595 0.109 0.053 0.023 0.018 0.061 ) ×10−6
211  − 233  ( 1.443 0.096 0.047 0.023 0.017 0.055 ) ×10−6
233  − 259  ( 1.015 0.074 0.034 0.019 0.013 0.041 ) ×10−6
259  − 291  ( 7.463 0.572 0.248 0.156 0.107 0.312 ) ×10−7
291  − 330  ( 4.781 0.414 0.163 0.115 0.076 0.214 ) ×10−7
330  − 379  ( 3.076 0.296 0.107 0.087 0.055 0.149 ) ×10−7
379  − 441  ( 2.394 0.232 0.080 0.081 0.049 0.124 ) ×10−7
441  − 525  ( 1.231 0.143 0.044 0.051 0.029 0.073 ) ×10−7
525  − 660  ( 7.740 0.894 0.273 0.418 0.219 0.545 ) ×10−8
660  − 880  ( 3.603 0.478 0.131 0.276 0.128 0.331 ) ×10−8
880  − 1300 ( 1.250 0.204 0.050 0.148 0.058 0.167 ) ×10−8
1300 − 3300 ( 0.140 0.071 0.009 0.016 0.008 0.020 ) ×10−8



