  1   0.0058895
  1.4000e+00   5.8989e-03 
  1.9600e+00   5.9121e-03 
  2.7440e+00   5.9306e-03 
  3.8416e+00   5.9566e-03 
  5.3782e+00   5.9930e-03 
  7.5295e+00   6.0442e-03 
  1.0541e+01   6.1162e-03 
  1.4758e+01   6.2177e-03 
  2.0661e+01   6.4114e-03 
  2.8925e+01   6.7721e-03 
  4.0496e+01   7.3299e-03 
  5.6694e+01   8.1546e-03 
  7.9371e+01   9.3969e-03 
  1.1112e+02   1.0967e-02 
  1.5557e+02   1.1324e-02 
  2.1780e+02   1.2015e-02 
  3.0491e+02   1.2116e-02 
  4.2688e+02   1.2007e-02 
  5.9763e+02   1.1537e-02 
  8.3668e+02   1.0491e-02 
  1.1714e+03   9.2512e-03 
  1.6399e+03   7.8856e-03 
  2.2959e+03   6.5494e-03 
  3.2142e+03   5.4855e-03 
  4.4999e+03   4.6521e-03 
  6.2998e+03   3.8259e-03 
  8.8198e+03   3.0913e-03 
  1.2348e+04   2.6517e-03 
  1.7287e+04   2.3515e-03 
  2.4201e+04   2.1147e-03 
  3.3882e+04   1.9120e-03 
  4.7435e+04   1.7330e-03 
  6.6409e+04   1.5731e-03 
  9.2972e+04   1.4289e-03 
  1.3016e+05   1.2973e-03 
  1.8223e+05   1.1772e-03 
  2.5512e+05   1.0680e-03 
  3.5716e+05   9.6881e-04 
  5.0003e+05   8.7887e-04 
  7.0004e+05   7.9792e-04 
  9.8005e+05   7.2443e-04 
  1.3721e+06   6.5816e-04 
  1.9209e+06   5.9805e-04 
  2.6893e+06   5.4358e-04 
  3.7650e+06   4.9431e-04 
  5.2710e+06   4.4963e-04 
  7.3793e+06   4.0906e-04 
  1.0331e+07   3.7224e-04 
  1.4464e+07   3.3877e-04 
  2.0249e+07   3.0835e-04 
  2.8348e+07   2.8086e-04 
  3.9688e+07   2.5605e-04 
  5.5563e+07   2.3364e-04 
  7.7788e+07   2.1340e-04 
