 1.0000e+00   9.3254e-07 
  1.4000e+00   1.3035e-06 
  1.9600e+00   1.8209e-06 
  2.7440e+00   2.5415e-06 
  3.8416e+00   3.5429e-06 
  5.3782e+00   4.9305e-06 
  7.5295e+00   6.8453e-06 
  1.0541e+01   9.4725e-06 
  1.4758e+01   1.3048e-05 
  2.0661e+01   1.7861e-05 
  2.8925e+01   2.4240e-05 
  4.0496e+01   3.2511e-05 
  5.6694e+01   4.2919e-05 
  7.9371e+01   5.5478e-05 
  1.1112e+02   6.9766e-05 
  1.5557e+02   8.4713e-05 
  2.1780e+02   9.8503e-05 
  3.0491e+02   1.0667e-04 
  4.2688e+02   1.0761e-04 
  5.9763e+02   1.0061e-04 
  8.3668e+02   8.4055e-05 
  1.1714e+03   6.3934e-05 
  1.6399e+03   4.3779e-05 
  2.2959e+03   2.7146e-05 
  3.2142e+03   1.5681e-05 
  4.4999e+03   8.6083e-06 
  6.2998e+03   4.5783e-06 
  8.8198e+03   2.3421e-06 
  1.2348e+04   1.0937e-06 
  1.7287e+04   4.8255e-07 
  2.4201e+04   2.0617e-07 
  3.3882e+04   8.6390e-08 
  4.7435e+04   3.5749e-08 
  6.6409e+04   1.4665e-08 
  9.2972e+04   5.9795e-09 
  1.3016e+05   2.4272e-09 
  1.8223e+05   9.8227e-10 
  2.5512e+05   3.9672e-10 
  3.5716e+05   1.5998e-10 
  5.0003e+05   6.4435e-11 
  7.0004e+05   2.5934e-11 
  9.8005e+05   1.0433e-11 
  1.3721e+06   4.1960e-12 
  1.9209e+06   1.6872e-12 
  2.6893e+06   6.7832e-13 
  3.7650e+06   2.7268e-13 
  5.2710e+06   1.0961e-13 
  7.3793e+06   4.4060e-14 
  1.0331e+07   1.7710e-14 
  1.4464e+07   7.1195e-15 
  2.0249e+07   2.8626e-15 
  2.8348e+07   1.1508e-15 
  3.9688e+07   4.6255e-16 
  5.5563e+07   1.8590e-16 
  7.7788e+07   7.4717e-17 
  1.0890e+08  -1.0000e+00 

