 1.0000e+00   4.7401e-09 
  1.4000e+00   6.6271e-09 
  1.9600e+00   9.2602e-09 
  2.7440e+00   1.2930e-08 
  3.8416e+00   1.8034e-08 
  5.3782e+00   2.5116e-08 
  7.5295e+00   3.4907e-08 
  1.0541e+01   4.8375e-08 
  1.4758e+01   6.6774e-08 
  2.0661e+01   9.1664e-08 
  2.8925e+01   1.2489e-07 
  4.0496e+01   1.6840e-07 
  5.6694e+01   2.2395e-07 
  7.9371e+01   2.9235e-07 
  1.1112e+02   3.7250e-07 
  1.5557e+02   4.6016e-07 
  2.1780e+02   5.4524e-07 
  3.0491e+02   5.9232e-07 
  4.2688e+02   6.0367e-07 
  5.9763e+02   5.6246e-07 
  8.3668e+02   4.5759e-07 
  1.1714e+03   3.3156e-07 
  1.6399e+03   2.1145e-07 
  2.2959e+03   1.2104e-07 
  3.2142e+03   6.4483e-08 
  4.4999e+03   3.1968e-08 
  6.2998e+03   1.4734e-08 
  8.8198e+03   6.3952e-09 
  1.2348e+04   2.6518e-09 
  1.7287e+04   1.0635e-09 
  2.4201e+04   4.1600e-10 
  3.3882e+04   1.5968e-10 
  4.7435e+04   6.0461e-11 
  6.6409e+04   2.2670e-11 
  9.2972e+04   8.4376e-12 
  1.3016e+05   3.1204e-12 
  1.8223e+05   1.1489e-12 
  2.5512e+05   4.2173e-13 
  3.5716e+05   1.5448e-13 
  5.0003e+05   5.6497e-14 
  7.0004e+05   2.0659e-14 
  9.8005e+05   7.5490e-15 
  1.3721e+06   2.7593e-15 
  1.9209e+06   1.0084e-15 
  2.6893e+06   3.6856e-16 
  3.7650e+06   1.3475e-16 
  5.2710e+06   4.9274e-17 
  7.3793e+06   1.8020e-17 
  1.0331e+07   6.5917e-18 
  1.4464e+07   2.4117e-18 
  2.0249e+07   8.8263e-19 
  2.8348e+07   3.2320e-19 
  3.9688e+07   1.1843e-19 
  5.5563e+07   4.3434e-20 
  7.7788e+07   1.5944e-20 
  1.0890e+08  -1.0000e+00 

