 1.0000e+00   2.9388e-03 
  1.4000e+00   3.2266e-03 
  1.9600e+00   3.3239e-03 
  2.7440e+00   3.4012e-03 
  3.8416e+00   3.4823e-03 
  5.3782e+00   3.5686e-03 
  7.5295e+00   3.6548e-03 
  1.0541e+01   3.7303e-03 
  1.4758e+01   3.7795e-03 
  2.0661e+01   3.7837e-03 
  2.8925e+01   3.7249e-03 
  4.0496e+01   3.5908e-03 
  5.6694e+01   3.3780e-03 
  7.9371e+01   3.0911e-03 
  1.1112e+02   2.7413e-03 
  1.5557e+02   2.3465e-03 
  2.1780e+02   1.9267e-03 
  3.0491e+02   1.5036e-03 
  4.2688e+02   1.1016e-03 
  5.9763e+02   7.4540e-04 
  8.3668e+02   4.6045e-04 
  1.1714e+03   2.6146e-04 
  1.6399e+03   1.3648e-04 
  2.2959e+03   6.6392e-05 
  3.2142e+03   3.0895e-05 
  4.4999e+03   1.4195e-05 
  6.2998e+03   6.5960e-06 
  8.8198e+03   3.1089e-06 
  1.2348e+04   1.3522e-06 
  1.7287e+04   5.6374e-07 
  2.4201e+04   2.3079e-07 
  3.3882e+04   9.3718e-08 
  4.7435e+04   3.7905e-08 
  6.6409e+04   1.5295e-08 
  9.2972e+04   6.1625e-09 
  1.3016e+05   2.4801e-09 
  1.8223e+05   9.9756e-10 
  2.5512e+05   4.0113e-10 
  3.5716e+05   1.6125e-10 
  5.0003e+05   6.4800e-11 
  7.0004e+05   2.6039e-11 
  9.8005e+05   1.0463e-11 
  1.3721e+06   4.2047e-12 
  1.9209e+06   1.6897e-12 
  2.6893e+06   6.7903e-13 
  3.7650e+06   2.7289e-13 
  5.2710e+06   1.0967e-13 
  7.3793e+06   4.4077e-14 
  1.0331e+07   1.7715e-14 
  1.4464e+07   7.1209e-15 
  2.0249e+07   2.8630e-15 
  2.8348e+07   1.1509e-15 
  3.9688e+07   4.6258e-16 
  5.5563e+07   1.8591e-16 
  7.7788e+07   7.4720e-17 
  1.0890e+08   3.0026e-17 

