1.0000e+00   1.4421e-06 
  1.4000e+00   2.0156e-06 
  1.9600e+00   2.8152e-06 
  2.7440e+00   3.9284e-06 
  3.8416e+00   5.4745e-06 
  5.3782e+00   7.6153e-06 
  7.5295e+00   1.0567e-05 
  1.0541e+01   1.4610e-05 
  1.4758e+01   2.0103e-05 
  2.0661e+01   2.7477e-05 
  2.8925e+01   3.7215e-05 
  4.0496e+01   4.9783e-05 
  5.6694e+01   6.5502e-05 
  7.9371e+01   8.4322e-05 
  1.1112e+02   1.0490e-04 
  1.5557e+02   1.2436e-04 
  2.1780e+02   1.4048e-04 
  3.0491e+02   1.5001e-04 
  4.2688e+02   1.4670e-04 
  5.9763e+02   1.3212e-04 
  8.3668e+02   1.0709e-04 
  1.1714e+03   7.8901e-05 
  1.6399e+03   5.1791e-05 
  2.2959e+03   3.1107e-05 
  3.2142e+03   1.7430e-05 
  4.4999e+03   9.3192e-06 
  6.2998e+03   4.8550e-06 
  8.8198e+03   2.4523e-06 
  1.2348e+04   1.1323e-06 
  1.7287e+04   4.9504e-07 
  2.4201e+04   2.1004e-07 
  3.3882e+04   8.7562e-08 
  4.7435e+04   3.6098e-08 
  6.6409e+04   1.4768e-08 
  9.2972e+04   6.0095e-09 
  1.3016e+05   2.4359e-09 
  1.8223e+05   9.8480e-10 
  2.5512e+05   3.9745e-10 
  3.5716e+05   1.6019e-10 
  5.0003e+05   6.4496e-11 
  7.0004e+05   2.5952e-11 
  9.8005e+05   1.0438e-11 
  1.3721e+06   4.1975e-12 
  1.9209e+06   1.6876e-12 
  2.6893e+06   6.7844e-13 
  3.7650e+06   2.7272e-13 
  5.2710e+06   1.0962e-13 
  7.3793e+06   4.4063e-14 
  1.0331e+07   1.7711e-14 
  1.4464e+07   7.1197e-15 
  2.0249e+07   2.8626e-15 
  2.8348e+07   1.1508e-15 
  3.9688e+07   4.6255e-16 
  5.5563e+07   1.8591e-16 
  7.7788e+07   7.4717e-17 
  1.0890e+08  -1.0000e+00 

