1.0000e+00   6.1653e-07 
  1.4000e+00   8.6200e-07 
  1.9600e+00   1.2046e-06 
  2.7440e+00   1.6820e-06 
  3.8416e+00   2.3462e-06 
  5.3782e+00   3.2681e-06 
  7.5295e+00   4.5430e-06 
  1.0541e+01   6.2975e-06 
  1.4758e+01   8.6958e-06 
  2.0661e+01   1.1943e-05 
  2.8925e+01   1.6282e-05 
  4.0496e+01   2.1974e-05 
  5.6694e+01   2.9252e-05 
  7.9371e+01   3.8234e-05 
  1.1112e+02   4.8779e-05 
  1.5557e+02   5.9990e-05 
  2.1780e+02   7.0104e-05 
  3.0491e+02   7.7733e-05 
  4.2688e+02   8.1082e-05 
  5.9763e+02   7.7026e-05 
  8.3668e+02   6.6984e-05 
  1.1714e+03   5.2367e-05 
  1.6399e+03   3.7167e-05 
  2.2959e+03   2.3792e-05 
  3.2142e+03   1.4145e-05 
  4.4999e+03   7.9633e-06 
  6.2998e+03   4.3208e-06 
  8.8198e+03   2.2379e-06 
  1.2348e+04   1.0567e-06 
  1.7287e+04   4.7044e-07 
  2.4201e+04   2.0238e-07 
  3.3882e+04   8.5238e-08 
  4.7435e+04   3.5404e-08 
  6.6409e+04   1.4563e-08 
  9.2972e+04   5.9497e-09 
  1.3016e+05   2.4185e-09 
  1.8223e+05   9.7975e-10 
  2.5512e+05   3.9599e-10 
  3.5716e+05   1.5977e-10 
  5.0003e+05   6.4375e-11 
  7.0004e+05   2.5917e-11 
  9.8005e+05   1.0428e-11 
  1.3721e+06   4.1946e-12 
  1.9209e+06   1.6868e-12 
  2.6893e+06   6.7820e-13 
  3.7650e+06   2.7265e-13 
  5.2710e+06   1.0960e-13 
  7.3793e+06   4.4057e-14 
  1.0331e+07   1.7709e-14 
  1.4464e+07   7.1192e-15 
  2.0249e+07   2.8625e-15 
  2.8348e+07   1.1508e-15 
  3.9688e+07   4.6254e-16 
  5.5563e+07   1.8590e-16 
  7.7788e+07   7.4716e-17 
  1.0890e+08  -1.0000e+00 

