 1.0000e+00   7.5267e-07 
  1.4000e+00   1.0522e-06 
  1.9600e+00   1.4701e-06 
  2.7440e+00   2.0524e-06 
  3.8416e+00   2.8621e-06 
  5.3782e+00   3.9850e-06 
  7.5295e+00   5.5363e-06 
  1.0541e+01   7.6683e-06 
  1.4758e+01   1.0577e-05 
  2.0661e+01   1.4504e-05 
  2.8925e+01   1.9732e-05 
  4.0496e+01   2.6553e-05 
  5.6694e+01   3.5211e-05 
  7.9371e+01   4.5784e-05 
  1.1112e+02   5.8020e-05 
  1.5557e+02   7.1140e-05 
  2.1780e+02   8.2952e-05 
  3.0491e+02   9.0709e-05 
  4.2688e+02   9.3127e-05 
  5.9763e+02   8.7814e-05 
  8.3668e+02   7.4903e-05 
  1.1714e+03   5.7788e-05 
  1.6399e+03   4.0355e-05 
  2.2959e+03   2.5400e-05 
  3.2142e+03   1.4889e-05 
  4.4999e+03   8.2780e-06 
  6.2998e+03   4.4472e-06 
  8.8198e+03   2.2893e-06 
  1.2348e+04   1.0750e-06 
  1.7287e+04   4.7645e-07 
  2.4201e+04   2.0426e-07 
  3.3882e+04   8.5812e-08 
  4.7435e+04   3.5576e-08 
  6.6409e+04   1.4614e-08 
  9.2972e+04   5.9646e-09 
  1.3016e+05   2.4228e-09 
  1.8223e+05   9.8101e-10 
  2.5512e+05   3.9636e-10 
  3.5716e+05   1.5987e-10 
  5.0003e+05   6.4405e-11 
  7.0004e+05   2.5926e-11 
  9.8005e+05   1.0431e-11 
  1.3721e+06   4.1953e-12 
  1.9209e+06   1.6870e-12 
  2.6893e+06   6.7826e-13 
  3.7650e+06   2.7267e-13 
  5.2710e+06   1.0961e-13 
  7.3793e+06   4.4058e-14 
  1.0331e+07   1.7710e-14 
  1.4464e+07   7.1194e-15 
  2.0249e+07   2.8625e-15 
  2.8348e+07   1.1508e-15 
  3.9688e+07   4.6254e-16 
  5.5563e+07   1.8590e-16 
  7.7788e+07   7.4717e-17 
  1.0890e+08  -1.0000e+00 

