1.0000e+00   2.3403e-10 
  1.4000e+00   3.9125e-10 
  1.9600e+00   6.7149e-10 
  2.7440e+00   1.1801e-09 
  3.8416e+00   2.1157e-09 
  5.3782e+00   3.8521e-09 
  7.5295e+00   7.0880e-09 
  1.0541e+01   1.3114e-08 
  1.4758e+01   2.4269e-08 
  2.0661e+01   4.4669e-08 
  2.8925e+01   8.1261e-08 
  4.0496e+01   1.4504e-07 
  5.6694e+01   2.5176e-07 
  7.9371e+01   4.2059e-07 
  1.1112e+02   6.6585e-07 
  1.5557e+02   9.8175e-07 
  2.1780e+02   1.3342e-06 
  3.0491e+02   1.6484e-06 
  4.2688e+02   1.8087e-06 
  5.9763e+02   1.7603e-06 
  8.3668e+02   1.5096e-06 
  1.1714e+03   1.1521e-06 
  1.6399e+03   7.8613e-07 
  2.2959e+03   4.8501e-07 
  3.2142e+03   2.6746e-07 
  4.4999e+03   1.2893e-07 
  6.2998e+03   5.4469e-08 
  8.8198e+03   2.1515e-08 
  1.2348e+04   8.2036e-09 
  1.7287e+04   3.0661e-09 
  2.4201e+04   1.1306e-09 
  3.3882e+04   4.1271e-10 
  4.7435e+04   1.4711e-10 
  6.6409e+04   5.2949e-11 
  9.2972e+04   1.8709e-11 
  1.3016e+05   6.5433e-12 
  1.8223e+05   2.2660e-12 
  2.5512e+05   7.7701e-13 
  3.5716e+05   2.6366e-13 
  5.0003e+05   8.8390e-14 
  7.0004e+05   2.9145e-14 
  9.8005e+05   9.3530e-15 
  1.3721e+06   2.8481e-15 
  1.9209e+06   7.6269e-16 
  2.6893e+06   1.2034e-16 
  3.7650e+06   1.7722e-17 
  5.2710e+06   2.6521e-18 
  7.3793e+06   4.0520e-19 
  1.0331e+07   6.2924e-20 
  1.4464e+07   9.7242e-21 
  2.0249e+07   1.4388e-21 
  2.8348e+07   1.9568e-22 
  3.9688e+07   2.4416e-23 
  5.5563e+07   3.0380e-24 
  7.7788e+07   4.1175e-25 
  1.0890e+08  -1.0000e+00
